0 -0.000108
1 -0.000457
2 -0.000398
3 -0.000721
4 -0.000619
5 -0.000882
6 -0.000698
7 -0.000857
8 -0.000545
9 -0.000545
10 -0.000039
11 0.000201
12 0.001006
13 0.001626
14 0.002935
15 0.004266
16 0.006696
17 0.010241
18 0.023186
19 0.011970
20 0.009397
21 0.008929
22 0.009108
23 0.010755
24 0.013778
25 0.026409
26 0.015069
27 0.012567
28 0.012415
29 0.013295
30 0.016575
31 0.028803
32 0.017246
33 0.015608
34 0.015906
35 0.018978
36 0.031254
37 0.020005
38 0.019061
39 0.020981
40 0.033291
41 0.022274
42 0.020871
43 0.023279
44 0.035424
45 0.024568
46 0.025030
47 0.035988
48 0.024007
49 0.022716
50 0.024615
51 0.037249
52 0.027041
53 0.027490
54 0.039524
55 0.029029
56 0.029369
57 0.041431
58 0.031101
59 0.031789
60 0.044520
61 0.035722
62 0.045434
63 0.033699
64 0.034198
65 0.046107
66 0.036638
67 0.046688
68 0.035405
69 0.035632
70 0.048260
71 0.039720
72 0.050188
73 0.040293
74 0.050527
75 0.040428
76 0.049400
77 0.037302
78 0.037753
79 0.049926
80 0.041084
81 0.052299
82 0.043329
83 0.053822
84 0.044290
85 0.055228
86 0.046260
87 0.057033
88 0.048196
89 0.060818
90 0.061320
91 0.049673
92 0.058651
93 0.048114
94 0.058354
95 0.048907
96 0.059379
97 0.050396
98 0.063023
99 0.063689
100 0.052397
101 0.061989
102 0.052498
103 0.064825
104 0.065331
105 0.053992
106 0.063643
107 0.054323
108 0.066958
109 0.067970
110 0.057493
111 0.068927
112 0.068994
113 0.057769
114 0.069439
115 0.069854
116 0.058982
117 0.070159
118 0.070075
119 0.058788
120 0.070480
121 0.071001
122 0.060327
123 0.071810
124 0.072173
125 0.061545
126 0.074272
127 0.076789
128 0.075821
129 0.064724
130 0.076432
131 0.078060
132 0.076316
133 0.064569
134 0.076579
135 0.078610
136 0.077317
137 0.066021
138 0.077643
139 0.079294
140 0.077691
141 0.066227
142 0.078724
143 0.081596
144 0.082062
145 0.080144
146 0.068637
147 0.080365
148 0.082528
149 0.082359
150 0.079868
151 0.067885
152 0.080076
153 0.082796
154 0.083237
155 0.081413
156 0.070128
157 0.082227
158 0.084971
159 0.085745
160 0.085114
161 0.082555
162 0.070781
163 0.083448
164 0.086983
165 0.088792
166 0.089632
167 0.089659
168 0.088742
169 0.086151
170 0.074466
171 0.086461
172 0.089390
173 0.090702
174 0.091170
175 0.090999
176 0.090198
177 0.088573
178 0.085371
179 0.073204
180 0.085686
181 0.089228
182 0.091249
183 0.092544
184 0.093362
185 0.093805
186 0.093903
187 0.093637
188 0.092917
189 0.091504
190 0.088616
191 0.076807
192 0.088837
193 0.091960
194 0.093642
195 0.094681
196 0.095342
197 0.095744
198 0.095950
199 0.096001
200 0.095918
201 0.095718
202 0.095408
203 0.094994
204 0.094473
205 0.093841
206 0.093087
207 0.092189
208 0.091114
209 0.089802
210 0.088137
211 0.085863
212 0.082184
213 0.069691
214 0.081980
215 0.085457
216 0.087538
217 0.089019
218 0.090162
219 0.091086
220 0.091855
221 0.092510
222 0.093075
223 0.093569
224 0.094004
225 0.094391
226 0.094738
227 0.095050
228 0.095333
229 0.095590
230 0.095825
231 0.096041
232 0.096241
233 0.096426
234 0.096599
235 0.096761
236 0.096914
237 0.097059
238 0.097197
239 0.097329
240 0.097457
241 0.097580
242 0.097701
243 0.097818
244 0.097934
245 0.098048
246 0.098161
247 0.098274
248 0.098387
249 0.098500
250 0.098613
251 0.098727
252 0.098842
253 0.098958
254 0.099075
255 0.099194
256 0.099314
257 0.099435
258 0.099558
259 0.099682
260 0.099807
261 0.099933
262 0.100060
263 0.100188
264 0.100316
265 0.100444
266 0.100572
267 0.100699
268 0.100825
269 0.100949
270 0.101070
271 0.101188
272 0.101302
273 0.101411
274 0.101514
275 0.101609
276 0.101695
277 0.101771
278 0.101835
279 0.101884
280 0.101916
281 0.101928
282 0.101917
283 0.101878
284 0.101806
285 0.101696
286 0.101539
287 0.101325
288 0.101041
289 0.100669
290 0.100183
291 0.099542
292 0.098683
293 0.097485
294 0.095686
295 0.092487
296 0.080427
297 0.092255
298 0.095214
299 0.096758
300 0.097680
301 0.098232
302 0.098526
303 0.098615
304 0.098525
305 0.098267
306 0.097837
307 0.097220
308 0.096381
309 0.095260
310 0.093740
311 0.091560
312 0.087918
313 0.075397
314 0.087586
315 0.090878
316 0.092671
317 0.093743
318 0.094325
319 0.094493
320 0.094240
321 0.093482
322 0.091974
323 0.088926
324 0.076879
325 0.088578
326 0.091254
327 0.092339
328 0.092588
329 0.092193
330 0.091143
331 0.089229
332 0.085678
333 0.073076
334 0.085007
335 0.087838
336 0.088915
337 0.088911
338 0.087811
339 0.084914
340 0.072795
341 0.084196
342 0.086311
343 0.086482
344 0.085231
345 0.081997
346 0.069440
347 0.081146
348 0.083422
349 0.083423
350 0.081129
351 0.069301
352 0.080738
353 0.082613
354 0.082132
355 0.079274
356 0.066824
357 0.078371
358 0.080103
359 0.078644
360 0.067305
361 0.079034
362 0.081061
363 0.080618
364 0.077691
365 0.065066
366 0.076320
367 0.077618
368 0.075538
369 0.063301
370 0.073638
371 0.073074
372 0.061632
373 0.073592
374 0.075325
375 0.073493
376 0.061348
377 0.071631
378 0.070847
379 0.058964
380 0.070108
381 0.070082
382 0.058822
383 0.069632
384 0.069175
385 0.057480
386 0.068696
387 0.068637
388 0.057230
389 0.067754
390 0.066812
391 0.054276
392 0.063732
393 0.054269
394 0.065874
395 0.065769
396 0.054126
397 0.065122
398 0.064527
399 0.052108
400 0.060546
401 0.049661
402 0.059755
403 0.050466
404 0.061903
405 0.061274
406 0.048599
407 0.057452
408 0.046763
409 0.055888
410 0.045187
411 0.055049
412 0.045002
413 0.054574
414 0.044195
415 0.054291
416 0.044408
417 0.054085
418 0.043758
419 0.053855
420 0.043923
421 0.053498
422 0.043010
423 0.052876
424 0.042622
425 0.051750
426 0.040620
427 0.049474
428 0.037243
429 0.036657
430 0.048534
431 0.039237
432 0.048873
433 0.037970
434 0.046828
435 0.034377
436 0.033297
437 0.044241
438 0.032977
439 0.032837
440 0.044788
441 0.035202
442 0.044063
443 0.031342
444 0.030615
445 0.040851
446 0.028633
447 0.028047
448 0.038153
449 0.025443
450 0.023490
451 0.024745
452 0.036708
453 0.025747
454 0.025297
455 0.036181
456 0.024082
457 0.021736
458 0.023222
459 0.034346
460 0.022172
461 0.020426
462 0.021597
463 0.033153
464 0.021321
465 0.018976
466 0.020231
467 0.030873
468 0.017889
469 0.014796
470 0.013375
471 0.013839
472 0.015899
473 0.027681
474 0.015528
475 0.012174
476 0.011033
477 0.010596
478 0.011646
479 0.014046
480 0.025983
481 0.013816
482 0.010275
483 0.008733
484 0.007600
485 0.007434
486 0.007367
487 0.008241
488 0.009467
489 0.012606
490 0.024246
491 0.011613
492 0.008287
493 0.005995
494 0.004728
495 0.003412
496 0.002718
497 0.001771
498 0.001321
499 0.000530
500 0.000168
501 -0.000595
502 -0.000986
503 -0.001836
504 -0.002382
505 -0.003475
506 -0.004391
507 -0.006057
508 -0.007947
509 -0.011671
510 -0.023857
511 -0.011770
512 -0.009028
513 -0.007399
514 -0.006922
515 -0.006584
516 -0.007145
517 -0.007873
518 -0.009809
519 -0.012944
520 -0.025549
521 -0.014050
522 -0.011242
523 -0.010585
524 -0.010613
525 -0.012146
526 -0.015091
527 -0.027681
528 -0.016335
529 -0.013868
530 -0.013795
531 -0.014808
532 -0.018291
533 -0.030821
534 -0.019726
535 -0.018862
536 -0.020799
537 -0.033067
538 -0.021947
539 -0.020368
540 -0.022504
541 -0.034224
542 -0.022646
543 -0.021550
544 -0.023487
545 -0.036022
546 -0.025573
547 -0.025615
548 -0.037011
549 -0.025485
550 -0.023821
551 -0.026165
552 -0.038421
553 -0.027861
554 -0.028837
555 -0.040602
556 -0.029912
557 -0.031029
558 -0.043295
559 -0.033980
560 -0.043999
561 -0.032483
562 -0.032212
563 -0.043909
564 -0.033398
565 -0.034066
566 -0.046950
567 -0.038523
568 -0.048969
569 -0.038876
570 -0.048604
571 -0.037161
572 -0.037335
573 -0.050000
574 -0.041578
575 -0.052254
576 -0.042671
577 -0.053358
578 -0.043927
579 -0.053962
580 -0.043934
581 -0.054302
582 -0.044641
583 -0.054517
584 -0.044389
585 -0.054710
586 -0.045052
587 -0.054981
588 -0.044959
589 -0.055446
590 -0.046023
591 -0.056276
592 -0.046703
593 -0.057832
594 -0.049420
595 -0.061648
596 -0.061784
597 -0.049900
598 -0.059630
599 -0.049978
600 -0.060416
601 -0.051531
602 -0.064392
603 -0.065474
604 -0.054921
605 -0.066116
606 -0.065728
607 -0.053676
608 -0.063580
609 -0.054566
610 -0.066654
611 -0.067103
612 -0.056130
613 -0.067978
614 -0.068523
615 -0.057747
616 -0.068991
617 -0.068953
618 -0.057692
619 -0.069390
620 -0.069899
621 -0.059193
622 -0.070623
623 -0.070909
624 -0.060172
625 -0.072752
626 -0.075067
627 -0.073814
628 -0.062289
629 -0.073276
630 -0.073341
631 -0.062548
632 -0.075220
633 -0.077781
634 -0.076964
635 -0.066145
636 -0.078316
637 -0.080742
638 -0.080684
639 -0.078156
640 -0.065973
641 -0.077746
642 -0.079686
643 -0.078432
644 -0.067319
645 -0.079312
646 -0.081667
647 -0.081642
648 -0.079262
649 -0.067366
650 -0.079622
651 -0.082391
652 -0.082864
653 -0.081060
654 -0.069780
655 -0.081872
656 -0.084595
657 -0.085333
658 -0.084649
659 -0.082018
660 -0.070147
661 -0.082684
662 -0.086043
663 -0.087605
664 -0.088070
665 -0.087452
666 -0.085080
667 -0.073561
668 -0.085684
669 -0.088710
670 -0.090096
671 -0.090618
672 -0.090484
673 -0.089702
674 -0.088083
675 -0.084871
676 -0.072679
677 -0.085119
678 -0.088603
679 -0.090545
680 -0.091735
681 -0.092416
682 -0.092675
683 -0.092519
684 -0.091871
685 -0.090500
686 -0.087630
687 -0.075816
688 -0.087821
689 -0.090901
690 -0.092517
691 -0.093472
692 -0.094025
693 -0.094294
694 -0.094339
695 -0.094193
696 -0.093871
697 -0.093376
698 -0.092698
699 -0.091808
700 -0.090654
701 -0.089124
702 -0.086963
703 -0.083381
704 -0.070968
705 -0.083325
706 -0.086858
707 -0.088983
708 -0.090499
709 -0.091669
710 -0.092611
711 -0.093393
712 -0.094053
713 -0.094617
714 -0.095106
715 -0.095531
716 -0.095903
717 -0.096230
718 -0.096520
719 -0.096776
720 -0.097004
721 -0.097207
722 -0.097389
723 -0.097551
724 -0.097697
725 -0.097829
726 -0.097948
727 -0.098056
728 -0.098155
729 -0.098245
730 -0.098329
731 -0.098406
732 -0.098479
733 -0.098547
734 -0.098612
735 -0.098674
736 -0.098734
737 -0.098792
738 -0.098849
739 -0.098906
740 -0.098963
741 -0.099020
742 -0.099078
743 -0.099136
744 -0.099196
745 -0.099256
746 -0.099318
747 -0.099382
748 -0.099447
749 -0.099514
750 -0.099583
751 -0.099654
752 -0.099726
753 -0.099799
754 -0.099874
755 -0.099950
756 -0.100027
757 -0.100105
758 -0.100183
759 -0.100260
760 -0.100337
761 -0.100413
762 -0.100488
763 -0.100559
764 -0.100628
765 -0.100692
766 -0.100750
767 -0.100802
768 -0.100846
769 -0.100880
770 -0.100903
771 -0.100911
772 -0.100903
773 -0.100874
774 -0.100822
775 -0.100742
776 -0.100627
777 -0.100470
778 -0.100262
779 -0.099990
780 -0.099635
781 -0.099174
782 -0.098565
783 -0.097746
784 -0.096598
785 -0.094859
786 -0.091731
787 -0.079754
788 -0.091679
789 -0.094752
790 -0.096429
791 -0.097503
792 -0.098233
793 -0.098732
794 -0.099060
795 -0.099252
796 -0.099326
797 -0.099293
798 -0.099159
799 -0.098923
800 -0.098582
801 -0.098125
802 -0.097537
803 -0.096794
804 -0.095858
805 -0.094663
806 -0.093089
807 -0.090874
808 -0.087216
809 -0.074696
810 -0.086906
811 -0.090238
812 -0.092095
813 -0.093259
814 -0.093968
815 -0.094313
816 -0.094314
817 -0.093941
818 -0.093093
819 -0.091520
820 -0.088426
821 -0.076350
822 -0.088034
823 -0.090709
824 -0.091808
825 -0.092085
826 -0.091732
827 -0.090742
828 -0.088907
829 -0.085457
830 -0.072985
831 -0.085083
832 -0.088133
833 -0.089510
834 -0.089941
835 -0.089561
836 -0.088212
837 -0.085138
838 -0.072886
839 -0.084187
840 -0.086226
841 -0.086340
842 -0.085048
843 -0.081787
844 -0.069217
845 -0.080922
846 -0.083211
847 -0.083237
848 -0.080982
849 -0.069212
850 -0.080725
851 -0.082702
852 -0.082355
853 -0.079677
854 -0.067480
855 -0.079408
856 -0.081792
857 -0.081794
858 -0.079388
859 -0.067312
860 -0.078306
861 -0.079394
862 -0.077228
863 -0.065138
864 -0.076854
865 -0.078614
866 -0.077051
867 -0.065462
868 -0.076740
869 -0.077969
870 -0.075826
871 -0.063649
872 -0.075167
873 -0.076601
874 -0.074551
875 -0.062243
876 -0.072402
877 -0.071524
878 -0.059571
879 -0.070665
880 -0.070609
881 -0.059337
882 -0.070153
883 -0.069721
884 -0.058073
885 -0.069364
886 -0.069413
887 -0.058162
888 -0.068915
889 -0.068330
890 -0.056424
891 -0.067318
892 -0.066768
893 -0.054550
894 -0.063396
895 -0.053273
896 -0.065027
897 -0.064981
898 -0.053071
899 -0.062088
900 -0.052023
901 -0.063731
902 -0.063526
903 -0.051315
904 -0.059826
905 -0.048882
906 -0.058745
907 -0.048922
908 -0.058989
909 -0.049540
910 -0.061606
911 -0.061569
912 -0.049367
913 -0.057736
914 -0.046495
915 -0.055884
916 -0.045368
917 -0.054434
918 -0.043475
919 -0.052869
920 -0.042079
921 -0.050456
922 -0.037819
923 -0.037748
924 -0.049382
925 -0.039947
926 -0.050472
927 -0.040663
928 -0.050096
929 -0.039165
930 -0.048130
931 -0.035928
932 -0.035284
933 -0.046994
934 -0.037370
935 -0.046377
936 -0.034004
937 -0.033886
938 -0.045158
939 -0.034983
940 -0.044206
941 -0.031902
942 -0.030797
943 -0.041553
944 -0.029918
945 -0.029161
946 -0.040084
947 -0.028478
948 -0.027614
949 -0.038251
950 -0.026047
951 -0.023735
952 -0.025412
953 -0.036937
954 -0.025523
955 -0.025448
956 -0.035849
957 -0.023250
958 -0.021232
959 -0.022228
960 -0.033681
961 -0.021809
962 -0.019482
963 -0.020818
964 -0.031616
965 -0.018888
966 -0.016209
967 -0.015506
968 -0.017537
969 -0.028643
970 -0.015964
971 -0.013076
972 -0.011790
973 -0.012336
974 -0.014431
975 -0.026209
976 -0.014015
977 -0.010585
978 -0.009331
979 -0.008745
980 -0.009604
981 -0.011771
982 -0.023425
983 -0.010917
984 -0.006966
985 -0.004930
986 -0.003193
987 -0.002278
988 -0.001253
989 -0.000843
990 -0.000199
991 -0.000088
992 0.000315
993 0.000230
994 0.000474
995 0.000260
996 0.000399
997 0.000103
998 0.000180
999 -0.000160
