0 0.000000
1 96.154164
2 0.090227
3 0.718058
4 0.185148
5 0.946559
6 0.678113
7 0.861892
8 0.181425
9 0.612836
10 0.468046
11 0.536019
12 0.148384
13 0.252692
14 0.549742
15 0.328839
16 0.272672
17 0.216370
18 0.372725
19 0.327868
20 0.528625
21 0.401797
22 0.178070
23 0.267042
24 0.525178
25 0.301935
26 0.162041
27 0.109158
28 0.669305
29 0.421573
30 0.407386
31 0.417425
32 0.298218
33 0.122284
34 0.482459
35 0.244677
36 0.338860
37 0.393440
38 0.633779
39 0.303570
40 0.083291
41 0.119626
42 0.507807
43 0.335230
44 0.344353
45 0.210098
46 0.321379
47 0.116864
48 0.331517
49 0.230356
50 0.649696
51 0.224456
52 0.528431
53 0.155328
54 0.165507
55 0.138973
56 0.365626
57 0.294885
58 0.360580
59 0.115432
60 0.511358
61 0.168435
62 0.183708
63 0.060868
64 0.204041
65 0.215879
66 0.128616
67 0.088771
68 0.328855
69 0.135367
70 0.572111
71 0.041386
72 0.232153
73 0.359450
74 0.201376
75 0.349012
76 0.168632
77 0.086651
78 0.027287
79 0.213312
80 0.174514
81 0.368668
82 0.380912
83 0.253619
84 0.190635
85 0.606663
86 0.310343
87 0.066002
88 0.264604
89 0.115316
90 0.516862
91 0.238404
92 0.351693
93 0.122401
94 0.127511
95 0.296070
96 0.434958
97 0.064557
98 0.419209
99 0.057388
100 0.173830
101 0.255661
102 0.159170
103 0.269992
104 0.396986
105 0.038104
106 0.707275
107 0.053157
108 0.289701
109 0.251167
110 0.067963
111 0.447587
112 0.399823
113 0.110758
114 0.318476
115 0.097474
116 0.058339
117 0.509404
118 0.634365
119 0.038101
120 0.112398
121 0.388503
122 0.134651
123 0.227216
124 0.234569
125 0.114518
126 0.107485
127 0.319181
128 0.146352
129 0.242226
130 0.167573
131 0.110599
132 0.006611
133 0.146366
134 0.492544
135 0.418942
136 0.139957
137 0.162835
138 0.197459
139 0.233670
140 0.464633
141 0.016575
142 0.179998
143 0.551818
144 0.367606
145 0.235143
146 0.038188
147 0.185723
148 0.385261
149 0.216147
150 0.030419
151 0.212102
152 0.237317
153 0.035035
154 0.487885
155 0.092207
156 0.116424
157 0.129753
158 0.009490
159 0.182725
160 0.498584
161 0.062819
162 0.154920
163 0.184992
164 0.128313
165 0.105787
166 0.024318
167 0.130205
168 0.106400
169 0.043584
170 0.254160
171 0.133209
172 0.379356
173 0.089370
174 0.126201
175 0.014213
176 0.476761
177 0.193206
178 0.430956
179 0.112687
180 0.369296
181 0.166453
182 0.527436
183 0.142512
184 0.304970
185 0.029414
186 0.139359
187 0.304235
188 0.264348
189 0.428607
190 0.132450
191 0.213468
192 0.502771
193 0.102293
194 0.260405
195 0.239562
196 0.180398
197 0.200946
198 0.064302
199 0.153449
200 0.240610
201 0.007712
202 0.276006
203 0.220349
204 0.417087
205 0.291865
206 0.114138
207 0.132863
208 0.143068
209 0.105721
210 0.219388
211 0.135290
212 0.322497
213 0.085872
214 0.201828
215 0.076737
216 0.584730
217 0.011909
218 0.083982
219 0.077902
220 0.816031
221 0.173130
222 0.178050
223 0.051114
224 0.059877
225 0.215477
226 0.414820
227 0.111852
228 0.133562
229 0.183449
230 0.212643
231 0.056008
232 0.172451
233 0.358021
234 0.066593
235 0.050200
236 0.113596
237 0.182136
238 0.375433
239 0.236376
240 0.080016
241 0.298082
242 0.249310
243 0.199459
244 0.132765
245 0.076572
246 0.290945
247 0.008121
248 0.389759
249 0.050412
250 0.319936
251 0.149555
252 0.261251
253 0.024416
254 0.059944
255 0.399907
256 0.180482
257 0.146734
258 0.064550
259 0.076542
260 0.240820
261 0.165737
262 0.384186
263 0.072097
264 0.044859
265 0.303138
266 0.044383
267 0.234130
268 0.124869
269 0.266499
270 0.042080
271 0.127983
272 0.501818
273 0.108069
274 0.479016
275 0.157512
276 0.076851
277 0.333175
278 0.279517
279 0.050040
280 0.129882
281 0.020731
282 0.555051
283 0.031887
284 0.497326
285 0.110391
286 0.164961
287 0.083427
288 0.006627
289 0.296587
290 0.301628
291 0.263555
292 0.057952
293 0.112408
294 0.163474
295 0.022846
296 0.216254
297 0.014627
298 0.020113
299 0.114710
300 0.473646
301 0.025118
302 0.026257
303 0.329311
304 0.286886
305 0.246277
306 0.162491
307 0.052366
308 0.221551
309 0.048415
310 0.367894
311 0.065792
312 0.483525
313 0.238889
314 0.171146
315 0.231316
316 0.065580
317 0.402824
318 0.052480
319 0.271324
320 0.221562
321 0.189435
322 0.023326
323 0.107386
324 0.292000
325 0.068304
326 0.182061
327 0.153278
328 0.069686
329 0.166066
330 0.129146
331 0.329968
332 0.187213
333 0.231221
334 0.059366
335 0.370583
336 0.290415
337 0.115716
338 0.063452
339 0.008732
340 0.152230
341 0.049037
342 0.207965
343 0.005709
344 0.153966
345 0.080308
346 0.287367
347 0.121034
348 0.193980
349 0.199024
350 0.263917
351 0.122238
352 0.117415
353 0.061159
354 0.372447
355 0.013184
356 0.058633
357 0.016788
358 0.385219
359 0.096971
360 0.432069
361 0.272988
362 0.091306
363 0.018373
364 0.167565
365 0.421096
366 0.119837
367 0.102321
368 0.061432
369 0.332552
370 0.161834
371 0.196867
372 0.208982
373 0.076136
374 0.027194
375 0.038028
376 0.329388
377 0.291438
378 0.115632
379 0.193396
380 0.189536
381 0.016462
382 0.233943
383 0.191917
384 0.160527
385 0.250229
386 0.147319
387 0.082948
388 0.078614
389 0.257517
390 0.128396
391 0.005105
392 0.158350
393 0.159331
394 0.255604
395 0.138984
396 0.331755
397 0.176610
398 0.127805
399 0.026014
400 0.337109
401 0.224830
402 0.255594
403 0.057965
404 0.137339
405 0.039616
406 0.132317
407 0.220789
408 0.387622
409 0.123297
410 0.039164
411 0.042007
412 0.212543
413 0.197880
414 0.201588
415 0.116828
416 0.129129
417 0.183607
418 0.005031
419 0.169561
420 0.355730
421 0.186888
422 0.014858
423 0.023014
424 0.118322
425 0.174736
426 0.038541
427 0.008513
428 0.021206
429 0.125007
430 0.148136
431 0.117237
432 0.170240
433 0.146427
434 0.008803
435 0.189729
436 0.219661
437 0.021639
438 0.418521
439 0.142132
440 0.008163
441 0.003873
442 0.544621
443 0.152801
444 0.285583
445 0.243780
446 0.018475
447 0.050414
448 0.085023
449 0.370484
450 0.314119
451 0.076045
452 0.135962
453 0.066298
454 0.060260
455 0.038552
456 0.068836
457 0.029189
458 0.096245
459 0.212812
460 0.036549
461 0.170753
462 0.081902
463 0.202928
464 0.087990
465 0.021813
466 0.152599
467 0.370221
468 0.022645
469 0.189933
470 0.117622
471 0.080820
472 0.076764
473 0.329373
474 0.047385
475 0.052839
476 0.014130
477 0.375388
478 0.263552
479 0.274715
480 0.337100
481 0.204512
482 0.070840
483 0.074209
484 0.196536
485 0.280314
486 0.009457
487 0.194409
488 0.011696
489 0.165312
490 0.027050
491 0.115051
492 0.075233
493 0.023685
494 0.013482
495 0.080436
496 0.092298
497 0.084467
498 0.244231
499 0.008735
500 0.007199
501 0.008696
502 0.242285
503 0.083460
504 0.090833
505 0.078844
506 0.013139
507 0.023022
508 0.072858
509 0.110981
510 0.025971
511 0.158196
512 0.011122
513 0.184556
514 0.008872
515 0.263988
516 0.184339
517 0.069330
518 0.065887
519 0.189541
520 0.311174
521 0.252574
522 0.241341
523 0.342376
524 0.012754
525 0.047802
526 0.042672
527 0.295630
528 0.068607
529 0.071961
530 0.104308
531 0.167759
532 0.019911
533 0.324386
534 0.133154
535 0.018913
536 0.076163
537 0.174956
538 0.070334
539 0.146044
540 0.031133
541 0.180556
542 0.081322
543 0.024383
544 0.057691
545 0.032118
546 0.050107
547 0.054898
548 0.112147
549 0.062444
550 0.257016
551 0.301910
552 0.069007
553 0.040742
554 0.014837
555 0.195471
556 0.228060
557 0.121531
558 0.431420
559 0.003053
560 0.006246
561 0.111209
562 0.326191
563 0.016700
564 0.169816
565 0.146062
566 0.006697
567 0.111809
568 0.129477
569 0.088781
570 0.111758
571 0.093848
572 0.015852
573 0.005779
574 0.028596
575 0.129123
576 0.087103
577 0.016570
578 0.010847
579 0.135898
580 0.257610
581 0.122290
582 0.002867
583 0.131336
584 0.091982
585 0.082863
586 0.142426
587 0.139192
588 0.148935
589 0.029213
590 0.027215
591 0.085314
592 0.267161
593 0.151538
594 0.090414
595 0.026916
596 0.093086
597 0.039101
598 0.171830
599 0.150525
600 0.224757
601 0.017263
602 0.084503
603 0.116264
604 0.217524
605 0.090673
606 0.166200
607 0.103132
608 0.102103
609 0.002784
610 0.082096
611 0.163959
612 0.049739
613 0.052372
614 0.092588
615 0.156659
616 0.100079
617 0.119125
618 0.144606
619 0.009501
620 0.116169
621 0.118010
622 0.070278
623 0.176362
624 0.198477
625 0.022696
626 0.016130
627 0.045286
628 0.123803
629 0.116080
630 0.095056
631 0.194475
632 0.035770
633 0.059260
634 0.069179
635 0.242065
636 0.095899
637 0.010430
638 0.051780
639 0.154231
640 0.243063
641 0.054249
642 0.214829
643 0.008066
644 0.032413
645 0.006436
646 0.204109
647 0.033300
648 0.063726
649 0.066119
650 0.142130
651 0.106669
652 0.103550
653 0.064232
654 0.152052
655 0.042230
656 0.080749
657 0.002444
658 0.108102
659 0.025345
660 0.078432
661 0.003597
662 0.032402
663 0.058692
664 0.146981
665 0.186703
666 0.029704
667 0.115455
668 0.092977
669 0.163278
670 0.063616
671 0.081403
672 0.034007
673 0.074373
674 0.088075
675 0.032781
676 0.139977
677 0.051242
678 0.011023
679 0.089564
680 0.104284
681 0.127091
682 0.024474
683 0.186994
684 0.030302
685 0.106392
686 0.078352
687 0.108832
688 0.219301
689 0.029392
690 0.165319
691 0.021598
692 0.098510
693 0.023190
694 0.071594
695 0.108095
696 0.125334
697 0.143159
698 0.011360
699 0.010202
700 0.203032
701 0.048934
702 0.008109
703 0.006075
704 0.090945
705 0.008672
706 0.068015
707 0.046402
708 0.023906
709 0.108173
710 0.123228
711 0.120523
712 0.002680
713 0.033434
714 0.066017
715 0.043905
716 0.197297
717 0.012367
718 0.218058
719 0.006356
720 0.050523
721 0.019166
722 0.107654
723 0.127683
724 0.029205
725 0.059656
726 0.180831
727 0.040366
728 0.187545
729 0.047561
730 0.015544
731 0.098089
732 0.045718
733 0.085220
734 0.016051
735 0.109303
736 0.016007
737 0.025661
738 0.136399
739 0.058418
740 0.084622
741 0.026680
742 0.022329
743 0.050717
744 0.062121
745 0.136885
746 0.020417
747 0.007857
748 0.088046
749 0.050100
750 0.106664
751 0.015725
752 0.128583
753 0.002249
754 0.094897
755 0.024829
756 0.042783
757 0.063960
758 0.079619
759 0.094624
760 0.025273
761 0.074248
762 0.117295
763 0.056487
764 0.035091
765 0.015282
766 0.020251
767 0.108774
768 0.052115
769 0.016107
770 0.063522
771 0.054500
772 0.039456
773 0.032647
774 0.121177
775 0.062509
776 0.017202
777 0.014632
778 0.050798
779 0.049015
780 0.230271
781 0.021604
782 0.023413
783 0.002282
784 0.161176
785 0.020693
786 0.054963
787 0.023249
788 0.086808
789 0.036096
790 0.058345
791 0.027545
792 0.037593
793 0.034630
794 0.029576
795 0.075163
796 0.106939
797 0.056147
798 0.069817
799 0.000501
800 0.060107
801 0.037916
802 0.015498
803 0.049326
804 0.043992
805 0.058011
806 0.062714
807 0.024479
808 0.119507
809 0.050365
810 0.031087
811 0.099930
812 0.061136
813 0.069923
814 0.031861
815 0.004697
816 0.068752
817 0.031892
818 0.117431
819 0.036500
820 0.081114
821 0.024582
822 0.093388
823 0.041353
824 0.101910
825 0.002820
826 0.026511
827 0.018273
828 0.078842
829 0.027422
830 0.051915
831 0.007639
832 0.021495
833 0.025883
834 0.004353
835 0.020821
836 0.025192
837 0.035927
838 0.029885
839 0.011897
840 0.095057
841 0.034338
842 0.001719
843 0.024171
844 0.021445
845 0.016565
846 0.088881
847 0.006296
848 0.042506
849 0.037579
850 0.002263
851 0.037866
852 0.066996
853 0.031772
854 0.005645
855 0.039921
856 0.061904
857 0.092142
858 0.029800
859 0.002670
860 0.075704
861 0.037529
862 0.031649
863 0.025841
864 0.022045
865 0.065394
866 0.076217
867 0.022439
868 0.000154
869 0.016268
870 0.024911
871 0.035921
872 0.021477
873 0.046346
874 0.014970
875 0.016167
876 0.033196
877 0.031882
878 0.018721
879 0.053477
880 0.015332
881 0.004873
882 0.084995
883 0.067535
884 0.006950
885 0.012649
886 0.040864
887 0.012513
888 0.050462
889 0.055950
890 0.008342
891 0.030470
892 0.035035
893 0.005212
894 0.083995
895 0.004335
896 0.046034
897 0.030897
898 0.018076
899 0.028771
900 0.019230
901 0.005042
902 0.045614
903 0.005661
904 0.046295
905 0.030833
906 0.012902
907 0.011719
908 0.035732
909 0.023938
910 0.051241
911 0.011172
912 0.025265
913 0.005454
914 0.029283
915 0.056519
916 0.017491
917 0.022850
918 0.034038
919 0.032559
920 0.015143
921 0.018065
922 0.001361
923 0.005295
924 0.013870
925 0.028419
926 0.016132
927 0.028212
928 0.018083
929 0.001359
930 0.043230
931 0.010083
932 0.023693
933 0.005988
934 0.008451
935 0.014644
936 0.013688
937 0.004069
938 0.012218
939 0.009849
940 0.032454
941 0.006074
942 0.022325
943 0.017851
944 0.021814
945 0.007540
946 0.009528
947 0.006848
948 0.029175
949 0.011469
950 0.034519
951 0.011725
952 0.016891
953 0.003314
954 0.015580
955 0.009349
956 0.016036
957 0.015252
958 0.022392
959 0.003144
960 0.001388
961 0.011750
962 0.025119
963 0.014616
964 0.012868
965 0.009040
966 0.017152
967 0.001139
968 0.009648
969 0.011994
970 0.012256
971 0.012368
972 0.019735
973 0.000924
974 0.004378
975 0.007954
976 0.013461
977 0.004523
978 0.000805
979 0.007161
980 0.011161
981 0.001562
982 0.007009
983 0.002559
984 0.004261
985 0.005549
986 0.008752
987 0.002643
988 0.001766
989 0.004852
990 0.005634
991 0.000158
992 0.000599
993 0.003132
994 0.006343
995 0.000060
996 0.000914
997 0.000574
998 0.001310
999 2.502430
