0 0.000000
1 499.998227
2 0.261530
3 0.980830
4 0.322688
5 1.893119
6 1.427554
7 2.477349
8 0.628625
9 2.598076
10 1.320450
11 2.502598
12 0.652857
13 1.509024
14 1.799783
15 1.118752
16 1.702019
17 2.171234
18 2.100517
19 4.936887
20 2.996799
21 4.835764
22 3.563020
23 4.390611
24 2.686462
25 1.972349
26 1.306455
27 3.151997
28 4.714204
29 4.995148
30 5.419056
31 8.293788
32 4.143072
33 5.258914
34 4.762373
35 1.881167
36 2.770159
37 7.438716
38 7.816456
39 6.875481
40 4.987552
41 6.528661
42 6.333680
43 3.107175
44 3.311499
45 6.465326
46 4.288171
47 8.624321
48 3.299246
49 5.200512
50 6.868128
51 8.230941
52 6.944794
53 11.093486
54 1.803217
55 6.627108
56 5.140557
57 5.446984
58 5.138715
59 9.041396
60 13.220809
61 11.474502
62 2.394029
63 1.680330
64 7.891725
65 9.343891
66 8.750281
67 5.841530
68 12.344711
69 1.959401
70 9.727133
71 7.608016
72 3.913847
73 11.034908
74 4.130587
75 5.420943
76 4.443194
77 14.198808
78 5.421943
79 10.289881
80 5.658081
81 8.331550
82 10.441233
83 9.919990
84 5.279020
85 11.870748
86 6.150216
87 10.177639
88 14.340242
89 5.908657
90 11.122769
91 4.370528
92 6.849804
93 15.719149
94 10.830203
95 16.642662
96 9.571286
97 14.262135
98 11.162938
99 13.719259
100 8.882447
101 6.551156
102 5.792487
103 13.532545
104 16.218406
105 4.358532
106 18.586836
107 14.218339
108 12.667579
109 18.170870
110 4.677180
111 13.490993
112 13.653316
113 26.690683
114 17.680113
115 4.732756
116 13.477460
117 18.411328
118 17.269242
119 7.174355
120 4.373299
121 16.439512
122 5.003017
123 8.742618
124 10.539920
125 12.133267
126 18.413392
127 18.973590
128 6.882970
129 7.044108
130 13.832740
131 17.544735
132 4.613639
133 7.676847
134 22.578889
135 18.831952
136 5.388563
137 8.388806
138 5.819572
139 21.702743
140 16.395557
141 2.696634
142 7.977256
143 21.256709
144 11.773436
145 7.302937
146 16.705698
147 21.840417
148 11.648046
149 9.089353
150 25.257499
151 20.469014
152 15.225487
153 3.853672
154 18.150101
155 18.857294
156 11.423139
157 6.428512
158 2.564850
159 22.942755
160 16.043380
161 11.245487
162 13.865552
163 18.153539
164 4.556277
165 12.078464
166 12.032776
167 20.642212
168 4.829138
169 25.908665
170 26.744076
171 12.809019
172 17.465462
173 23.725402
174 13.925594
175 6.355678
176 16.867517
177 26.981947
178 16.186268
179 5.086251
180 15.412443
181 29.716881
182 20.170517
183 12.303694
184 21.433963
185 29.438379
186 6.155104
187 26.243943
188 24.976370
189 20.704800
190 5.504273
191 18.270644
192 27.618015
193 4.103222
194 11.050619
195 18.887696
196 9.814833
197 8.475720
198 22.966581
199 28.173724
200 22.781640
201 12.448171
202 26.099035
203 11.029122
204 20.276507
205 33.146829
206 12.900155
207 15.998192
208 6.159069
209 32.765185
210 10.329125
211 19.697541
212 13.683694
213 4.807215
214 12.513215
215 26.415944
216 26.106317
217 16.885463
218 6.086831
219 23.783874
220 36.110011
221 26.284134
222 15.193078
223 8.589964
224 13.062849
225 24.678786
226 18.792926
227 27.969626
228 8.283384
229 11.766854
230 15.804159
231 36.480561
232 8.447196
233 25.780411
234 15.505993
235 16.114644
236 9.117278
237 28.145662
238 22.384724
239 16.696717
240 5.388833
241 29.856909
242 14.530699
243 28.287457
244 21.821803
245 10.073418
246 30.404331
247 11.266769
248 19.900553
249 45.130675
250 22.627417
251 16.850629
252 13.177238
253 20.822662
254 3.054457
255 34.358762
256 10.003997
257 20.556166
258 19.447700
259 17.622914
260 18.874061
261 33.951510
262 32.651172
263 16.731981
264 14.293166
265 25.425390
266 9.517413
267 35.189786
268 11.359824
269 18.240125
270 7.754084
271 15.840143
272 28.365913
273 37.209117
274 29.102017
275 32.053147
276 21.384613
277 18.525055
278 15.886631
279 24.550602
280 7.277649
281 44.155706
282 31.768650
283 20.895929
284 36.959421
285 28.215504
286 29.931400
287 29.343212
288 0.638007
289 38.357741
290 18.780172
291 26.336126
292 4.066663
293 39.240494
294 31.023341
295 36.919509
296 13.434504
297 10.552128
298 24.781147
299 9.546858
300 31.766368
301 33.610188
302 2.956382
303 34.134983
304 17.606568
305 19.115170
306 31.092674
307 8.045210
308 48.268726
309 15.311168
310 23.832903
311 41.353671
312 40.102742
313 28.598601
314 11.745720
315 15.072014
316 4.916325
317 28.727074
318 4.055227
319 32.002090
320 14.334391
321 17.235117
322 11.270207
323 7.991101
324 19.413792
325 27.482008
326 12.302391
327 43.038856
328 10.130289
329 26.807099
330 11.307167
331 27.398342
332 42.368680
333 17.108799
334 21.838666
335 33.351418
336 19.606012
337 42.115879
338 4.870784
339 27.863728
340 11.936568
341 14.168921
342 18.446374
343 18.038875
344 11.822826
345 27.551833
346 22.440984
347 38.218807
348 14.135999
349 35.614182
350 18.488803
351 8.903962
352 32.313605
353 24.470416
354 38.544953
355 36.806812
356 6.745511
357 51.596062
358 36.211137
359 30.963017
360 38.348690
361 29.473317
362 21.957384
363 10.562516
364 22.890156
365 41.860962
366 16.149962
367 33.969435
368 7.980303
369 40.272528
370 12.886813
371 42.514649
372 18.530844
373 13.858833
374 23.046572
375 27.942510
376 42.850180
377 37.015568
378 9.326460
379 36.718103
380 23.731855
381 42.198162
382 30.458806
383 29.699265
384 12.698179
385 24.023322
386 33.540910
387 7.311334
388 40.344121
389 28.426240
390 11.401114
391 21.492844
392 13.040439
393 36.346759
394 20.963092
395 48.360930
396 31.693420
397 32.312077
398 10.671409
399 7.331488
400 28.999946
401 18.518747
402 26.447630
403 20.738797
404 26.350666
405 22.262755
406 33.788246
407 29.532256
408 38.067400
409 26.629473
410 6.630884
411 33.125579
412 17.699480
413 49.530796
414 20.970681
415 27.392811
416 18.596977
417 15.947970
418 30.758660
419 15.873322
420 37.397060
421 16.833950
422 2.487979
423 45.684306
424 10.540979
425 47.971657
426 11.101235
427 38.417473
428 10.802987
429 57.658116
430 12.849577
431 34.577887
432 26.679876
433 33.875349
434 12.999728
435 40.570943
436 21.774301
437 28.227065
438 44.878306
439 34.924736
440 23.250054
441 2.155334
442 52.945061
443 18.202716
444 36.140109
445 24.767137
446 17.592342
447 15.850344
448 8.166360
449 40.115410
450 29.343683
451 33.578194
452 15.666722
453 18.736377
454 9.727656
455 37.855080
456 21.804510
457 55.214906
458 25.482413
459 32.505270
460 8.092344
461 25.114510
462 8.771210
463 45.154385
464 25.013042
465 26.736838
466 45.579984
467 34.594361
468 13.898070
469 22.452862
470 13.691094
471 7.669228
472 34.740104
473 31.731412
474 36.718458
475 17.474013
476 34.712067
477 39.021598
478 26.223479
479 26.473913
480 34.755276
481 21.169136
482 54.675965
483 7.288823
484 60.010837
485 28.973247
486 34.277911
487 32.241509
488 25.399448
489 20.644493
490 35.129332
491 27.825479
492 37.252983
493 27.206764
494 36.215464
495 10.148601
496 18.124145
497 15.182249
498 40.198421
499 27.830895
500 72.000000
501 27.830895
502 40.198421
503 15.182249
504 18.124145
505 10.148601
506 36.215464
507 27.206764
508 37.252983
509 27.825479
510 35.129332
511 20.644493
512 25.399448
513 32.241509
514 34.277911
515 28.973247
516 60.010837
517 7.288823
518 54.675965
519 21.169136
520 34.755276
521 26.473913
522 26.223479
523 39.021598
524 34.712067
525 17.474013
526 36.718458
527 31.731412
528 34.740104
529 7.669228
530 13.691094
531 22.452862
532 13.898070
533 34.594361
534 45.579984
535 26.736838
536 25.013042
537 45.154385
538 8.771210
539 25.114510
540 8.092344
541 32.505270
542 25.482413
543 55.214906
544 21.804510
545 37.855080
546 9.727656
547 18.736377
548 15.666722
549 33.578194
550 29.343683
551 40.115410
552 8.166360
553 15.850344
554 17.592342
555 24.767137
556 36.140109
557 18.202716
558 52.945061
559 2.155334
560 23.250054
561 34.924736
562 44.878306
563 28.227065
564 21.774301
565 40.570943
566 12.999728
567 33.875349
568 26.679876
569 34.577887
570 12.849577
571 57.658116
572 10.802987
573 38.417473
574 11.101235
575 47.971657
576 10.540979
577 45.684306
578 2.487979
579 16.833950
580 37.397060
581 15.873322
582 30.758660
583 15.947970
584 18.596977
585 27.392811
586 20.970681
587 49.530796
588 17.699480
589 33.125579
590 6.630884
591 26.629473
592 38.067400
593 29.532256
594 33.788246
595 22.262755
596 26.350666
597 20.738797
598 26.447630
599 18.518747
600 28.999946
601 7.331488
602 10.671409
603 32.312077
604 31.693420
605 48.360930
606 20.963092
607 36.346759
608 13.040439
609 21.492844
610 11.401114
611 28.426240
612 40.344121
613 7.311334
614 33.540910
615 24.023322
616 12.698179
617 29.699265
618 30.458806
619 42.198162
620 23.731855
621 36.718103
622 9.326460
623 37.015568
624 42.850180
625 27.942510
626 23.046572
627 13.858833
628 18.530844
629 42.514649
630 12.886813
631 40.272528
632 7.980303
633 33.969435
634 16.149962
635 41.860962
636 22.890156
637 10.562516
638 21.957384
639 29.473317
640 38.348690
641 30.963017
642 36.211137
643 51.596062
644 6.745511
645 36.806812
646 38.544953
647 24.470416
648 32.313605
649 8.903962
650 18.488803
651 35.614182
652 14.135999
653 38.218807
654 22.440984
655 27.551833
656 11.822826
657 18.038875
658 18.446374
659 14.168921
660 11.936568
661 27.863728
662 4.870784
663 42.115879
664 19.606012
665 33.351418
666 21.838666
667 17.108799
668 42.368680
669 27.398342
670 11.307167
671 26.807099
672 10.130289
673 43.038856
674 12.302391
675 27.482008
676 19.413792
677 7.991101
678 11.270207
679 17.235117
680 14.334391
681 32.002090
682 4.055227
683 28.727074
684 4.916325
685 15.072014
686 11.745720
687 28.598601
688 40.102742
689 41.353671
690 23.832903
691 15.311168
692 48.268726
693 8.045210
694 31.092674
695 19.115170
696 17.606568
697 34.134983
698 2.956382
699 33.610188
700 31.766368
701 9.546858
702 24.781147
703 10.552128
704 13.434504
705 36.919509
706 31.023341
707 39.240494
708 4.066663
709 26.336126
710 18.780172
711 38.357741
712 0.638007
713 29.343212
714 29.931400
715 28.215504
716 36.959421
717 20.895929
718 31.768650
719 44.155706
720 7.277649
721 24.550602
722 15.886631
723 18.525055
724 21.384613
725 32.053147
726 29.102017
727 37.209117
728 28.365913
729 15.840143
730 7.754084
731 18.240125
732 11.359824
733 35.189786
734 9.517413
735 25.425390
736 14.293166
737 16.731981
738 32.651172
739 33.951510
740 18.874061
741 17.622914
742 19.447700
743 20.556166
744 10.003997
745 34.358762
746 3.054457
747 20.822662
748 13.177238
749 16.850629
750 22.627417
751 45.130675
752 19.900553
753 11.266769
754 30.404331
755 10.073418
756 21.821803
757 28.287457
758 14.530699
759 29.856909
760 5.388833
761 16.696717
762 22.384724
763 28.145662
764 9.117278
765 16.114644
766 15.505993
767 25.780411
768 8.447196
769 36.480561
770 15.804159
771 11.766854
772 8.283384
773 27.969626
774 18.792926
775 24.678786
776 13.062849
777 8.589964
778 15.193078
779 26.284134
780 36.110011
781 23.783874
782 6.086831
783 16.885463
784 26.106317
785 26.415944
786 12.513215
787 4.807215
788 13.683694
789 19.697541
790 10.329125
791 32.765185
792 6.159069
793 15.998192
794 12.900155
795 33.146829
796 20.276507
797 11.029122
798 26.099035
799 12.448171
800 22.781640
801 28.173724
802 22.966581
803 8.475720
804 9.814833
805 18.887696
806 11.050619
807 4.103222
808 27.618015
809 18.270644
810 5.504273
811 20.704800
812 24.976370
813 26.243943
814 6.155104
815 29.438379
816 21.433963
817 12.303694
818 20.170517
819 29.716881
820 15.412443
821 5.086251
822 16.186268
823 26.981947
824 16.867517
825 6.355678
826 13.925594
827 23.725402
828 17.465462
829 12.809019
830 26.744076
831 25.908665
832 4.829138
833 20.642212
834 12.032776
835 12.078464
836 4.556277
837 18.153539
838 13.865552
839 11.245487
840 16.043380
841 22.942755
842 2.564850
843 6.428512
844 11.423139
845 18.857294
846 18.150101
847 3.853672
848 15.225487
849 20.469014
850 25.257499
851 9.089353
852 11.648046
853 21.840417
854 16.705698
855 7.302937
856 11.773436
857 21.256709
858 7.977256
859 2.696634
860 16.395557
861 21.702743
862 5.819572
863 8.388806
864 5.388563
865 18.831952
866 22.578889
867 7.676847
868 4.613639
869 17.544735
870 13.832740
871 7.044108
872 6.882970
873 18.973590
874 18.413392
875 12.133267
876 10.539920
877 8.742618
878 5.003017
879 16.439512
880 4.373299
881 7.174355
882 17.269242
883 18.411328
884 13.477460
885 4.732756
886 17.680113
887 26.690683
888 13.653316
889 13.490993
890 4.677180
891 18.170870
892 12.667579
893 14.218339
894 18.586836
895 4.358532
896 16.218406
897 13.532545
898 5.792487
899 6.551156
900 8.882447
901 13.719259
902 11.162938
903 14.262135
904 9.571286
905 16.642662
906 10.830203
907 15.719149
908 6.849804
909 4.370528
910 11.122769
911 5.908657
912 14.340242
913 10.177639
914 6.150216
915 11.870748
916 5.279020
917 9.919990
918 10.441233
919 8.331550
920 5.658081
921 10.289881
922 5.421943
923 14.198808
924 4.443194
925 5.420943
926 4.130587
927 11.034908
928 3.913847
929 7.608016
930 9.727133
931 1.959401
932 12.344711
933 5.841530
934 8.750281
935 9.343891
936 7.891725
937 1.680330
938 2.394029
939 11.474502
940 13.220809
941 9.041396
942 5.138715
943 5.446984
944 5.140557
945 6.627108
946 1.803217
947 11.093486
948 6.944794
949 8.230941
950 6.868128
951 5.200512
952 3.299246
953 8.624321
954 4.288171
955 6.465326
956 3.311499
957 3.107175
958 6.333680
959 6.528661
960 4.987552
961 6.875481
962 7.816456
963 7.438716
964 2.770159
965 1.881167
966 4.762373
967 5.258914
968 4.143072
969 8.293788
970 5.419056
971 4.995148
972 4.714204
973 3.151997
974 1.306455
975 1.972349
976 2.686462
977 4.390611
978 3.563020
979 4.835764
980 2.996799
981 4.936887
982 2.100517
983 2.171234
984 1.702019
985 1.118752
986 1.799783
987 1.509024
988 0.652857
989 2.502598
990 1.320450
991 2.598076
992 0.628625
993 2.477349
994 1.427554
995 1.893119
996 0.322688
997 0.980830
998 0.261530
999 499.998227
