0 2.000000
1 499.990514
2 2.019147
3 3.023319
4 1.799492
5 0.097626
6 2.928449
7 4.327184
8 1.627519
9 0.450753
10 2.924171
11 4.144939
12 1.500605
13 0.934882
14 2.267808
15 1.939138
16 3.558786
17 4.555990
18 1.792383
19 3.236512
20 4.278533
21 6.730106
22 1.216382
23 1.715731
24 2.554855
25 3.763343
26 2.293502
27 5.436776
28 3.063860
29 3.698168
30 7.216557
31 10.261959
32 2.498939
33 3.648578
34 5.752946
35 2.699410
36 5.367881
37 8.957829
38 5.965558
39 6.347460
40 6.381077
41 8.789279
42 4.630392
43 2.939768
44 4.394153
45 5.492767
46 5.572184
47 10.770407
48 3.235911
49 2.536928
50 6.906095
51 5.914434
52 7.692808
53 12.192518
54 1.484345
55 3.153911
56 5.167478
57 4.355612
58 6.759139
59 10.611116
60 12.184689
61 9.920569
62 1.242154
63 0.900459
64 10.462772
65 11.225597
66 6.458480
67 7.295396
68 13.965268
69 3.518569
70 12.484314
71 9.549036
72 1.001004
73 11.083290
74 6.209602
75 3.476097
76 4.626807
77 16.614937
78 4.675658
79 6.653536
80 4.839428
81 7.641022
82 10.855217
83 12.773168
84 5.343730
85 10.813218
86 6.238832
87 8.628371
88 15.260992
89 7.642415
90 7.477364
91 7.340721
92 6.630350
93 12.338076
94 11.048112
95 14.959870
96 8.562247
97 14.991894
98 10.324023
99 13.271661
100 8.935442
101 7.350854
102 6.804792
103 12.934365
104 13.653458
105 4.987924
106 19.253686
107 12.100452
108 11.682294
109 17.874926
110 5.168612
111 16.865336
112 11.824955
113 25.130883
114 15.567771
115 5.618669
116 11.833212
117 23.834129
118 15.916887
119 6.635346
120 6.722689
121 13.318026
122 3.254029
123 8.862801
124 10.799599
125 14.763513
126 13.187711
127 20.084051
128 6.810905
129 7.347059
130 15.078546
131 19.988936
132 2.614683
133 6.228222
134 17.301420
135 20.089679
136 6.147208
137 11.198893
138 5.559877
139 26.175549
140 11.829069
141 5.231383
142 8.371085
143 23.191929
144 12.823638
145 10.039947
146 15.503868
147 25.007737
148 15.960687
149 10.503464
150 24.969653
151 21.601920
152 12.978589
153 4.087999
154 18.923436
155 19.965000
156 13.357657
157 4.638464
158 2.666803
159 22.010181
160 12.916203
161 12.181328
162 14.729399
163 16.570577
164 4.003107
165 11.917988
166 9.402916
167 19.875956
168 5.286577
169 24.230291
170 20.920893
171 13.135421
172 16.119581
173 26.651031
174 11.805314
175 6.219312
176 15.183351
177 23.546198
178 18.527904
179 2.245927
180 14.708773
181 31.686674
182 20.424791
183 15.244289
184 29.309450
185 31.195615
186 6.754030
187 24.615977
188 30.937465
189 21.203035
190 4.775854
191 14.831105
192 25.106939
193 2.408024
194 12.784638
195 22.595426
196 11.913682
197 10.504405
198 19.282328
199 26.920677
200 23.131272
201 18.223380
202 22.973425
203 15.164739
204 21.023921
205 33.074389
206 9.559783
207 9.454039
208 7.646168
209 34.793429
210 5.981102
211 18.292603
212 7.142659
213 8.168633
214 12.552518
215 19.914752
216 26.220619
217 22.200926
218 4.999894
219 16.868024
220 30.708015
221 26.216851
222 15.288321
223 5.942428
224 13.021293
225 31.183569
226 16.380438
227 35.949111
228 10.171488
229 13.761275
230 12.911363
231 34.538739
232 5.011177
233 25.768114
234 12.827062
235 13.535978
236 7.456143
237 28.764935
238 13.778238
239 17.717772
240 11.148087
241 25.438716
242 13.488943
243 34.936672
244 25.247732
245 7.684434
246 39.796015
247 14.610302
248 17.312369
249 47.227620
250 21.633308
251 27.439481
252 12.243342
253 19.079459
254 1.008352
255 34.557750
256 14.250624
257 16.039718
258 16.864371
259 23.271074
260 13.061461
261 36.283409
262 30.905573
263 14.832605
264 14.211840
265 23.396616
266 5.610391
267 37.551137
268 12.036328
269 16.162070
270 4.165165
271 17.530271
272 28.338581
273 42.888053
274 18.421980
275 30.982457
276 19.948893
277 19.258300
278 15.717398
279 13.027598
280 7.929301
281 39.212837
282 41.681168
283 18.507004
284 35.074526
285 32.464286
286 25.623661
287 40.667199
288 4.881469
289 43.549143
290 16.562645
291 20.600733
292 4.037967
293 31.731295
294 29.677069
295 34.150927
296 8.258352
297 12.454661
298 34.332362
299 3.974070
300 31.498538
301 38.377527
302 11.729202
303 35.563873
304 14.323067
305 10.538377
306 24.586125
307 15.127629
308 40.814607
309 10.524684
310 14.651852
311 35.749527
312 40.693091
313 31.954470
314 14.877994
315 7.802439
316 5.551435
317 36.519682
318 8.589633
319 32.465489
320 13.947268
321 22.901838
322 7.756308
323 4.842780
324 18.580515
325 23.263696
326 11.446230
327 38.661938
328 5.722979
329 26.819536
330 19.879091
331 24.148591
332 41.203684
333 12.319514
334 29.658643
335 35.760922
336 19.015357
337 38.821451
338 1.909757
339 31.733165
340 9.979149
341 7.862648
342 21.498715
343 13.535185
344 18.606746
345 23.048041
346 29.766203
347 32.043217
348 13.903879
349 20.728867
350 21.368708
351 10.061005
352 32.651815
353 25.185523
354 50.641528
355 48.000406
356 7.368033
357 53.990267
358 37.709468
359 28.753350
360 25.824834
361 27.250418
362 15.417172
363 21.775308
364 12.381937
365 47.948576
366 11.628402
367 37.481380
368 6.465541
369 29.395798
370 13.173978
371 36.609206
372 11.031494
373 6.513896
374 26.831958
375 30.692649
376 45.674355
377 47.384509
378 9.929880
379 44.451735
380 28.561006
381 45.080930
382 25.650371
383 37.306552
384 20.311478
385 19.493572
386 33.124329
387 6.263984
388 31.833726
389 26.862555
390 21.180087
391 20.540767
392 12.860176
393 35.745077
394 20.860010
395 48.875448
396 45.736290
397 30.747656
398 17.735399
399 8.639254
400 23.514767
401 19.856248
402 28.910447
403 28.725469
404 29.911455
405 31.068056
406 40.117544
407 34.729230
408 28.615823
409 36.992861
410 5.331414
411 47.181303
412 20.889879
413 45.171430
414 24.302883
415 34.238418
416 10.057729
417 17.803685
418 24.378006
419 23.458649
420 29.950418
421 18.768236
422 10.262326
423 42.654633
424 19.351999
425 39.010520
426 3.192859
427 45.442874
428 5.681513
429 53.769209
430 21.992963
431 27.541616
432 23.389029
433 25.347249
434 20.662054
435 35.388706
436 17.347339
437 20.587509
438 48.177675
439 15.810668
440 21.788229
441 1.245956
442 50.951257
443 21.597420
444 53.259908
445 27.809598
446 19.022956
447 27.611343
448 10.391768
449 36.227432
450 20.596131
451 32.466295
452 28.243226
453 27.414986
454 14.908137
455 36.308682
456 21.970997
457 58.737551
458 9.407005
459 33.585268
460 7.143294
461 33.352397
462 14.490971
463 50.779993
464 22.717460
465 32.633653
466 33.057099
467 31.882254
468 14.739309
469 26.692739
470 18.536239
471 15.727572
472 24.055174
473 30.537425
474 33.008160
475 27.197911
476 32.679316
477 45.341141
478 16.947476
479 28.068762
480 38.216620
481 12.869339
482 43.286398
483 6.014579
484 59.901914
485 26.257644
486 18.887171
487 24.255596
488 18.633452
489 22.106804
490 26.667842
491 24.205315
492 33.355176
493 17.450307
494 33.090061
495 7.236793
496 11.766586
497 13.412405
498 44.489667
499 12.374905
500 66.000000
501 12.374905
502 44.489667
503 13.412405
504 11.766586
505 7.236793
506 33.090061
507 17.450307
508 33.355176
509 24.205315
510 26.667842
511 22.106804
512 18.633452
513 24.255596
514 18.887171
515 26.257644
516 59.901914
517 6.014579
518 43.286398
519 12.869339
520 38.216620
521 28.068762
522 16.947476
523 45.341141
524 32.679316
525 27.197911
526 33.008160
527 30.537425
528 24.055174
529 15.727572
530 18.536239
531 26.692739
532 14.739309
533 31.882254
534 33.057099
535 32.633653
536 22.717460
537 50.779993
538 14.490971
539 33.352397
540 7.143294
541 33.585268
542 9.407005
543 58.737551
544 21.970997
545 36.308682
546 14.908137
547 27.414986
548 28.243226
549 32.466295
550 20.596131
551 36.227432
552 10.391768
553 27.611343
554 19.022956
555 27.809598
556 53.259908
557 21.597420
558 50.951257
559 1.245956
560 21.788229
561 15.810668
562 48.177675
563 20.587509
564 17.347339
565 35.388706
566 20.662054
567 25.347249
568 23.389029
569 27.541616
570 21.992963
571 53.769209
572 5.681513
573 45.442874
574 3.192859
575 39.010520
576 19.351999
577 42.654633
578 10.262326
579 18.768236
580 29.950418
581 23.458649
582 24.378006
583 17.803685
584 10.057729
585 34.238418
586 24.302883
587 45.171430
588 20.889879
589 47.181303
590 5.331414
591 36.992861
592 28.615823
593 34.729230
594 40.117544
595 31.068056
596 29.911455
597 28.725469
598 28.910447
599 19.856248
600 23.514767
601 8.639254
602 17.735399
603 30.747656
604 45.736290
605 48.875448
606 20.860010
607 35.745077
608 12.860176
609 20.540767
610 21.180087
611 26.862555
612 31.833726
613 6.263984
614 33.124329
615 19.493572
616 20.311478
617 37.306552
618 25.650371
619 45.080930
620 28.561006
621 44.451735
622 9.929880
623 47.384509
624 45.674355
625 30.692649
626 26.831958
627 6.513896
628 11.031494
629 36.609206
630 13.173978
631 29.395798
632 6.465541
633 37.481380
634 11.628402
635 47.948576
636 12.381937
637 21.775308
638 15.417172
639 27.250418
640 25.824834
641 28.753350
642 37.709468
643 53.990267
644 7.368033
645 48.000406
646 50.641528
647 25.185523
648 32.651815
649 10.061005
650 21.368708
651 20.728867
652 13.903879
653 32.043217
654 29.766203
655 23.048041
656 18.606746
657 13.535185
658 21.498715
659 7.862648
660 9.979149
661 31.733165
662 1.909757
663 38.821451
664 19.015357
665 35.760922
666 29.658643
667 12.319514
668 41.203684
669 24.148591
670 19.879091
671 26.819536
672 5.722979
673 38.661938
674 11.446230
675 23.263696
676 18.580515
677 4.842780
678 7.756308
679 22.901838
680 13.947268
681 32.465489
682 8.589633
683 36.519682
684 5.551435
685 7.802439
686 14.877994
687 31.954470
688 40.693091
689 35.749527
690 14.651852
691 10.524684
692 40.814607
693 15.127629
694 24.586125
695 10.538377
696 14.323067
697 35.563873
698 11.729202
699 38.377527
700 31.498538
701 3.974070
702 34.332362
703 12.454661
704 8.258352
705 34.150927
706 29.677069
707 31.731295
708 4.037967
709 20.600733
710 16.562645
711 43.549143
712 4.881469
713 40.667199
714 25.623661
715 32.464286
716 35.074526
717 18.507004
718 41.681168
719 39.212837
720 7.929301
721 13.027598
722 15.717398
723 19.258300
724 19.948893
725 30.982457
726 18.421980
727 42.888053
728 28.338581
729 17.530271
730 4.165165
731 16.162070
732 12.036328
733 37.551137
734 5.610391
735 23.396616
736 14.211840
737 14.832605
738 30.905573
739 36.283409
740 13.061461
741 23.271074
742 16.864371
743 16.039718
744 14.250624
745 34.557750
746 1.008352
747 19.079459
748 12.243342
749 27.439481
750 21.633308
751 47.227620
752 17.312369
753 14.610302
754 39.796015
755 7.684434
756 25.247732
757 34.936672
758 13.488943
759 25.438716
760 11.148087
761 17.717772
762 13.778238
763 28.764935
764 7.456143
765 13.535978
766 12.827062
767 25.768114
768 5.011177
769 34.538739
770 12.911363
771 13.761275
772 10.171488
773 35.949111
774 16.380438
775 31.183569
776 13.021293
777 5.942428
778 15.288321
779 26.216851
780 30.708015
781 16.868024
782 4.999894
783 22.200926
784 26.220619
785 19.914752
786 12.552518
787 8.168633
788 7.142659
789 18.292603
790 5.981102
791 34.793429
792 7.646168
793 9.454039
794 9.559783
795 33.074389
796 21.023921
797 15.164739
798 22.973425
799 18.223380
800 23.131272
801 26.920677
802 19.282328
803 10.504405
804 11.913682
805 22.595426
806 12.784638
807 2.408024
808 25.106939
809 14.831105
810 4.775854
811 21.203035
812 30.937465
813 24.615977
814 6.754030
815 31.195615
816 29.309450
817 15.244289
818 20.424791
819 31.686674
820 14.708773
821 2.245927
822 18.527904
823 23.546198
824 15.183351
825 6.219312
826 11.805314
827 26.651031
828 16.119581
829 13.135421
830 20.920893
831 24.230291
832 5.286577
833 19.875956
834 9.402916
835 11.917988
836 4.003107
837 16.570577
838 14.729399
839 12.181328
840 12.916203
841 22.010181
842 2.666803
843 4.638464
844 13.357657
845 19.965000
846 18.923436
847 4.087999
848 12.978589
849 21.601920
850 24.969653
851 10.503464
852 15.960687
853 25.007737
854 15.503868
855 10.039947
856 12.823638
857 23.191929
858 8.371085
859 5.231383
860 11.829069
861 26.175549
862 5.559877
863 11.198893
864 6.147208
865 20.089679
866 17.301420
867 6.228222
868 2.614683
869 19.988936
870 15.078546
871 7.347059
872 6.810905
873 20.084051
874 13.187711
875 14.763513
876 10.799599
877 8.862801
878 3.254029
879 13.318026
880 6.722689
881 6.635346
882 15.916887
883 23.834129
884 11.833212
885 5.618669
886 15.567771
887 25.130883
888 11.824955
889 16.865336
890 5.168612
891 17.874926
892 11.682294
893 12.100452
894 19.253686
895 4.987924
896 13.653458
897 12.934365
898 6.804792
899 7.350854
900 8.935442
901 13.271661
902 10.324023
903 14.991894
904 8.562247
905 14.959870
906 11.048112
907 12.338076
908 6.630350
909 7.340721
910 7.477364
911 7.642415
912 15.260992
913 8.628371
914 6.238832
915 10.813218
916 5.343730
917 12.773168
918 10.855217
919 7.641022
920 4.839428
921 6.653536
922 4.675658
923 16.614937
924 4.626807
925 3.476097
926 6.209602
927 11.083290
928 1.001004
929 9.549036
930 12.484314
931 3.518569
932 13.965268
933 7.295396
934 6.458480
935 11.225597
936 10.462772
937 0.900459
938 1.242154
939 9.920569
940 12.184689
941 10.611116
942 6.759139
943 4.355612
944 5.167478
945 3.153911
946 1.484345
947 12.192518
948 7.692808
949 5.914434
950 6.906095
951 2.536928
952 3.235911
953 10.770407
954 5.572184
955 5.492767
956 4.394153
957 2.939768
958 4.630392
959 8.789279
960 6.381077
961 6.347460
962 5.965558
963 8.957829
964 5.367881
965 2.699410
966 5.752946
967 3.648578
968 2.498939
969 10.261959
970 7.216557
971 3.698168
972 3.063860
973 5.436776
974 2.293502
975 3.763343
976 2.554855
977 1.715731
978 1.216382
979 6.730106
980 4.278533
981 3.236512
982 1.792383
983 4.555990
984 3.558786
985 1.939138
986 2.267808
987 0.934882
988 1.500605
989 4.144939
990 2.924171
991 0.450753
992 1.627519
993 4.327184
994 2.928449
995 0.097626
996 1.799492
997 3.023319
998 2.019147
999 499.990514
