0 2.000000
1 96.164233
2 1.727591
3 2.220654
4 1.095829
5 0.048813
6 1.242066
7 1.480756
8 0.457180
9 0.108943
10 0.728568
11 0.774851
12 0.222507
13 0.288281
14 0.501088
15 0.329395
16 0.441076
17 0.371644
18 0.460667
19 0.312176
20 0.580277
21 0.462547
22 0.082535
23 0.154145
24 0.492133
25 0.389966
26 0.121823
27 0.203476
28 0.525741
29 0.445787
30 0.397564
31 0.293197
32 0.229882
33 0.121372
34 0.434097
35 0.244033
36 0.342222
37 0.345565
38 0.567643
39 0.374593
40 0.101432
41 0.233946
42 0.503801
43 0.215148
44 0.473152
45 0.311214
46 0.309567
47 0.228693
48 0.331787
49 0.127684
50 0.499088
51 0.245470
52 0.517510
53 0.218525
54 0.136254
55 0.147126
56 0.437914
57 0.348491
58 0.443546
59 0.276674
60 0.607672
61 0.147029
62 0.008662
63 0.005947
64 0.140722
65 0.241856
66 0.146216
67 0.054635
68 0.269768
69 0.166644
70 0.648958
71 0.105177
72 0.057590
73 0.346474
74 0.141741
75 0.221892
76 0.263467
77 0.091222
78 0.171116
79 0.155361
80 0.086283
81 0.263366
82 0.363459
83 0.237199
84 0.288933
85 0.622922
86 0.234241
87 0.126634
88 0.250702
89 0.196164
90 0.335441
91 0.387080
92 0.358374
93 0.037195
94 0.178551
95 0.236391
96 0.423217
97 0.098515
98 0.514573
99 0.115215
100 0.196050
101 0.311615
102 0.088430
103 0.072229
104 0.415297
105 0.035252
106 0.823138
107 0.102015
108 0.287932
109 0.094896
110 0.164294
111 0.529782
112 0.445615
113 0.115056
114 0.319386
115 0.011947
116 0.070478
117 0.636393
118 0.579627
119 0.079979
120 0.172029
121 0.218466
122 0.039469
123 0.226538
124 0.172799
125 0.083220
126 0.080454
127 0.296035
128 0.184464
129 0.117019
130 0.099522
131 0.038529
132 0.021583
133 0.099836
134 0.290160
135 0.403073
136 0.084522
137 0.262259
138 0.199431
139 0.256044
140 0.313970
141 0.126349
142 0.258288
143 0.560906
144 0.406429
145 0.203660
146 0.113881
147 0.208611
148 0.538487
149 0.256552
150 0.118539
151 0.189482
152 0.095073
153 0.133355
154 0.487754
155 0.077558
156 0.106144
157 0.146796
158 0.065577
159 0.156506
160 0.372864
161 0.017351
162 0.287699
163 0.163803
164 0.118571
165 0.279109
166 0.029128
167 0.050177
168 0.024213
169 0.090016
170 0.194880
171 0.260950
172 0.287017
173 0.024871
174 0.081492
175 0.058788
176 0.407785
177 0.157705
178 0.469299
179 0.035760
180 0.341097
181 0.316885
182 0.546830
183 0.249626
184 0.439862
185 0.028739
186 0.143621
187 0.295995
188 0.320053
189 0.529595
190 0.124782
191 0.118518
192 0.425751
193 0.059191
194 0.321486
195 0.267464
196 0.056251
197 0.208138
198 0.018881
199 0.224468
200 0.328592
201 0.099850
202 0.175010
203 0.269367
204 0.345273
205 0.239451
206 0.018216
207 0.034273
208 0.161420
209 0.161570
210 0.105979
211 0.157714
212 0.147208
213 0.141882
214 0.128791
215 0.013639
216 0.589271
217 0.018280
218 0.100481
219 0.008914
220 0.671790
221 0.161935
222 0.137187
223 0.022579
224 0.102093
225 0.304333
226 0.358676
227 0.180428
228 0.153275
229 0.139449
230 0.142243
231 0.157342
232 0.044026
233 0.435695
234 0.074562
235 0.015089
236 0.145482
237 0.288076
238 0.263155
239 0.303562
240 0.151636
241 0.240304
242 0.223373
243 0.371640
244 0.209438
245 0.028285
246 0.321006
247 0.011884
248 0.348845
249 0.060613
250 0.240012
251 0.322573
252 0.236444
253 0.046495
254 0.002484
255 0.534673
256 0.278169
257 0.077854
258 0.085122
259 0.048558
260 0.235098
261 0.246486
262 0.290146
263 0.066710
264 0.107804
265 0.366294
266 0.094460
267 0.224551
268 0.222318
269 0.160358
270 0.056227
271 0.208853
272 0.497962
273 0.145952
274 0.333171
275 0.081887
276 0.040181
277 0.344882
278 0.280547
279 0.038738
280 0.139346
281 0.047251
282 0.733416
283 0.005870
284 0.416959
285 0.156058
286 0.074588
287 0.012761
288 0.058277
289 0.303185
290 0.269045
291 0.206283
292 0.042351
293 0.178142
294 0.287598
295 0.079903
296 0.114560
297 0.048137
298 0.041598
299 0.041731
300 0.390700
301 0.127365
302 0.109831
303 0.273514
304 0.232042
305 0.140685
306 0.216380
307 0.090658
308 0.191469
309 0.040382
310 0.235465
311 0.104055
312 0.455914
313 0.396734
314 0.198654
315 0.113291
316 0.038573
317 0.444269
318 0.111203
319 0.223781
320 0.214307
321 0.156327
322 0.119272
323 0.015555
324 0.262956
325 0.021511
326 0.118348
327 0.039811
328 0.087017
329 0.063242
330 0.089808
331 0.280494
332 0.104486
333 0.150096
334 0.145473
335 0.299544
336 0.226596
337 0.098224
338 0.015103
339 0.016299
340 0.137800
341 0.112309
342 0.277406
343 0.014796
344 0.270366
345 0.099720
346 0.415663
347 0.132266
348 0.194374
349 0.174914
350 0.287565
351 0.139137
352 0.150139
353 0.051458
354 0.513821
355 0.010830
356 0.099251
357 0.086933
358 0.484093
359 0.091850
360 0.302704
361 0.266612
362 0.105732
363 0.061373
364 0.090972
365 0.510607
366 0.039243
367 0.134106
368 0.038415
369 0.271269
370 0.173118
371 0.214264
372 0.042405
373 0.016969
374 0.016858
375 0.027212
376 0.319408
377 0.179988
378 0.118623
379 0.216617
380 0.182425
381 0.016237
382 0.291165
383 0.157996
384 0.263050
385 0.101128
386 0.118054
387 0.074729
388 0.006290
389 0.195789
390 0.128601
391 0.136428
392 0.141413
393 0.173342
394 0.259974
395 0.211668
396 0.400104
397 0.255796
398 0.144408
399 0.030064
400 0.265791
401 0.168136
402 0.270758
403 0.089960
404 0.034807
405 0.103120
406 0.147066
407 0.223183
408 0.312168
409 0.119110
410 0.064998
411 0.017764
412 0.228490
413 0.096967
414 0.239902
415 0.045555
416 0.013467
417 0.147086
418 0.048448
419 0.256060
420 0.341511
421 0.189159
422 0.099335
423 0.006323
424 0.149390
425 0.220575
426 0.032819
427 0.025568
428 0.044662
429 0.105386
430 0.220643
431 0.192012
432 0.068411
433 0.138710
434 0.101942
435 0.093836
436 0.150691
437 0.002723
438 0.420032
439 0.110069
440 0.022079
441 0.014124
442 0.519185
443 0.129959
444 0.420771
445 0.198341
446 0.047283
447 0.172277
448 0.112908
449 0.306352
450 0.228620
451 0.106340
452 0.125421
453 0.014851
454 0.074339
455 0.073981
456 0.139683
457 0.100844
458 0.087457
459 0.169801
460 0.073539
461 0.239231
462 0.152795
463 0.068735
464 0.085196
465 0.086951
466 0.078094
467 0.309206
468 0.058203
469 0.191693
470 0.111731
471 0.051376
472 0.092873
473 0.321844
474 0.068002
475 0.203095
476 0.039986
477 0.388691
478 0.171851
479 0.282808
480 0.397628
481 0.125171
482 0.011072
483 0.053348
484 0.238926
485 0.270513
486 0.021495
487 0.120454
488 0.085068
489 0.124762
490 0.010793
491 0.176262
492 0.029363
493 0.037617
494 0.133374
495 0.067680
496 0.069097
497 0.039877
498 0.288904
499 0.036865
500 0.006599
501 0.036718
502 0.286602
503 0.039401
504 0.068000
505 0.066340
506 0.130210
507 0.036576
508 0.028426
509 0.170029
510 0.010343
511 0.119390
512 0.081080
513 0.114349
514 0.020315
515 0.254758
516 0.224104
517 0.049840
518 0.010180
519 0.116008
520 0.367047
521 0.260014
522 0.157369
523 0.354509
524 0.036299
525 0.183755
526 0.061264
527 0.288872
528 0.083019
529 0.045739
530 0.099082
531 0.169313
532 0.051198
533 0.270925
534 0.068133
535 0.075560
536 0.073746
537 0.059209
538 0.131215
539 0.204614
540 0.062646
541 0.144060
542 0.073905
543 0.084817
544 0.117088
545 0.061734
546 0.061811
547 0.012202
548 0.103443
549 0.087343
550 0.187060
551 0.249647
552 0.091640
553 0.139254
554 0.038051
555 0.159032
556 0.336019
557 0.103359
558 0.411271
559 0.011143
560 0.017295
561 0.086133
562 0.327366
563 0.001652
564 0.116495
565 0.072215
566 0.078163
567 0.105925
568 0.052012
569 0.145444
570 0.166458
571 0.079102
572 0.033419
573 0.018802
574 0.024358
575 0.163027
576 0.109970
577 0.003558
578 0.072528
579 0.137548
580 0.247317
581 0.184674
582 0.034756
583 0.105209
584 0.009566
585 0.032225
586 0.169497
587 0.068151
588 0.160109
589 0.011895
590 0.045172
591 0.082393
592 0.215158
593 0.153176
594 0.100486
595 0.070160
596 0.023486
597 0.060694
598 0.182024
599 0.112563
600 0.177208
601 0.019951
602 0.095475
603 0.168415
604 0.262331
605 0.138161
606 0.169041
607 0.112209
608 0.091181
609 0.087589
610 0.082214
611 0.124651
612 0.003031
613 0.047182
614 0.074178
615 0.063297
616 0.163996
617 0.098042
618 0.179992
619 0.009259
620 0.111801
621 0.132171
622 0.072096
623 0.108862
624 0.192457
625 0.016119
626 0.009808
627 0.010081
628 0.025105
629 0.126361
630 0.101684
631 0.158642
632 0.022365
633 0.077697
634 0.022636
635 0.293524
636 0.052064
637 0.034927
638 0.059988
639 0.150631
640 0.170289
641 0.051387
642 0.269979
643 0.048027
644 0.054873
645 0.004049
646 0.281588
647 0.027986
648 0.081519
649 0.075260
650 0.154863
651 0.093772
652 0.103761
653 0.070237
654 0.219939
655 0.052492
656 0.141799
657 0.007619
658 0.144203
659 0.058123
660 0.070999
661 0.007789
662 0.007711
663 0.049799
664 0.114677
665 0.150896
666 0.072916
667 0.074945
668 0.051787
669 0.138795
670 0.044202
671 0.030903
672 0.042480
673 0.018964
674 0.057247
675 0.010096
676 0.126053
677 0.007407
678 0.056656
679 0.073889
680 0.100869
681 0.104804
682 0.051859
683 0.206225
684 0.017817
685 0.052107
686 0.090944
687 0.180778
688 0.206772
689 0.046835
690 0.105810
691 0.018030
692 0.085139
693 0.040143
694 0.095402
695 0.061750
696 0.101373
697 0.118881
698 0.047519
699 0.054709
700 0.167466
701 0.017801
702 0.017270
703 0.020299
704 0.048176
705 0.033238
706 0.119763
707 0.073771
708 0.017468
709 0.084667
710 0.109917
711 0.123187
712 0.023575
713 0.002391
714 0.029750
715 0.062122
716 0.165404
717 0.000991
718 0.288131
719 0.017926
720 0.054205
721 0.014922
722 0.108052
723 0.132169
724 0.015149
725 0.030865
726 0.125778
727 0.054602
728 0.186103
729 0.077646
730 0.020800
731 0.059006
732 0.081419
733 0.081709
734 0.034241
735 0.132097
736 0.038649
737 0.023750
738 0.102987
739 0.086985
740 0.082627
741 0.016741
742 0.029540
743 0.026870
744 0.095746
745 0.183052
746 0.000837
747 0.015576
748 0.079685
749 0.108101
750 0.080000
751 0.019205
752 0.115086
753 0.003431
754 0.104666
755 0.009131
756 0.067557
757 0.119281
758 0.071334
759 0.076275
760 0.047891
761 0.095365
762 0.082222
763 0.089455
764 0.044956
765 0.004278
766 0.022728
767 0.132394
768 0.013291
769 0.047066
770 0.042480
771 0.041404
772 0.045277
773 0.052793
774 0.104776
775 0.088311
776 0.029436
777 0.006432
778 0.039116
779 0.045828
780 0.189566
781 0.000809
782 0.028023
783 0.003981
784 0.162428
785 0.002433
786 0.035046
787 0.038412
788 0.039621
789 0.042127
790 0.028180
791 0.042422
792 0.042413
793 0.008845
794 0.004514
795 0.061602
796 0.088506
797 0.068630
798 0.044205
799 0.024990
800 0.082146
801 0.055666
802 0.003621
803 0.051083
804 0.013602
805 0.064756
806 0.077427
807 0.014164
808 0.101189
809 0.027911
810 0.029289
811 0.123497
812 0.074011
813 0.068038
814 0.032833
815 0.004154
816 0.099175
817 0.055918
818 0.121751
819 0.069914
820 0.074918
821 0.007796
822 0.101692
823 0.033726
824 0.087163
825 0.012440
826 0.017069
827 0.002526
828 0.059630
829 0.053845
830 0.039800
831 0.017836
832 0.004807
833 0.009445
834 0.005561
835 0.055186
836 0.023281
837 0.031804
838 0.055630
839 0.002493
840 0.071083
841 0.029354
842 0.012313
843 0.027366
844 0.019489
845 0.013746
846 0.088851
847 0.024114
848 0.016887
849 0.033498
850 0.020390
851 0.044947
852 0.093644
853 0.035674
854 0.019260
855 0.034541
856 0.068443
857 0.093644
858 0.042791
859 0.020750
860 0.051149
861 0.041060
862 0.031968
863 0.041649
864 0.013268
865 0.062890
866 0.044838
867 0.015289
868 0.003240
869 0.003876
870 0.014534
871 0.017294
872 0.027096
873 0.042930
874 0.011241
875 0.011438
876 0.024395
877 0.031784
878 0.005446
879 0.029989
880 0.023466
881 0.010717
882 0.077659
883 0.084357
884 0.008821
885 0.000740
886 0.041034
887 0.013318
888 0.056292
889 0.066211
890 0.020326
891 0.010710
892 0.034842
893 0.011853
894 0.097789
895 0.003934
896 0.048232
897 0.007560
898 0.009909
899 0.035079
900 0.021724
901 0.012156
902 0.056048
903 0.009733
904 0.045058
905 0.024537
906 0.018321
907 0.001184
908 0.036417
909 0.038862
910 0.033250
911 0.019110
912 0.023840
913 0.011820
914 0.022063
915 0.058062
916 0.026580
917 0.021176
918 0.032447
919 0.023204
920 0.007366
921 0.013210
922 0.014474
923 0.004958
924 0.021748
925 0.018067
926 0.011177
927 0.027169
928 0.004485
929 0.007245
930 0.048985
931 0.012372
932 0.019062
933 0.002671
934 0.010086
935 0.016321
936 0.008671
937 0.000131
938 0.000220
939 0.008619
940 0.038817
941 0.016868
942 0.027440
943 0.021211
944 0.026175
945 0.008535
946 0.007844
947 0.010794
948 0.028514
949 0.013027
950 0.026412
951 0.006541
952 0.016909
953 0.009753
954 0.014854
955 0.014588
956 0.022045
957 0.009699
958 0.022373
959 0.008540
960 0.001102
961 0.014985
962 0.022639
963 0.012083
964 0.012561
965 0.008899
966 0.015147
967 0.003166
968 0.007613
969 0.004503
970 0.011169
971 0.013513
972 0.015623
973 0.002760
974 0.002547
975 0.009855
976 0.012605
977 0.003367
978 0.001384
979 0.006749
980 0.011709
981 0.004966
982 0.009093
983 0.001594
984 0.005770
985 0.004779
986 0.007378
987 0.004290
988 0.000242
989 0.004685
990 0.006335
991 0.000340
992 0.000062
993 0.003586
994 0.005918
995 0.000219
996 0.000768
997 0.000879
998 0.001350
999 2.502379
