0 -0.015678
1 -0.016033
2 -0.015948
3 -0.015415
4 -0.015269
5 -0.014701
6 -0.014500
7 -0.013853
8 -0.013547
9 -0.012766
10 -0.012288
11 -0.011290
12 -0.010535
13 -0.009176
14 -0.007938
15 -0.005887
16 -0.003548
17 0.000698
18 0.013490
19 0.002113
20 0.000214
21 -0.000386
22 0.000452
23 0.001950
24 0.005616
25 0.018039
26 0.006482
27 0.004602
28 0.004265
29 0.005753
30 0.008835
31 0.021704
32 0.010782
33 0.008928
34 0.009804
35 0.012650
36 0.025540
37 0.014899
38 0.013715
39 0.016189
40 0.028204
41 0.016889
42 0.016027
43 0.018175
44 0.030900
45 0.020621
46 0.020814
47 0.032342
48 0.020929
49 0.019359
50 0.021775
51 0.034080
52 0.023540
53 0.024499
54 0.036197
55 0.025364
56 0.026207
57 0.037925
58 0.027249
59 0.028432
60 0.040812
61 0.031663
62 0.041908
63 0.030706
64 0.030890
65 0.043328
66 0.034383
67 0.044068
68 0.032417
69 0.033118
70 0.045375
71 0.036462
72 0.047445
73 0.038062
74 0.047920
75 0.037441
76 0.046921
77 0.035331
78 0.035444
79 0.048122
80 0.039784
81 0.050613
82 0.041256
83 0.052250
84 0.043219
85 0.053768
86 0.044411
87 0.055683
88 0.047344
89 0.059575
90 0.059640
91 0.047601
92 0.057075
93 0.047033
94 0.056880
95 0.047040
96 0.058005
97 0.049516
98 0.061747
99 0.061971
100 0.050282
101 0.060364
102 0.051365
103 0.063291
104 0.063352
105 0.051612
106 0.061749
107 0.052916
108 0.065145
109 0.065707
110 0.054823
111 0.066739
112 0.067332
113 0.056587
114 0.067845
115 0.067801
116 0.056516
117 0.068168
118 0.068603
119 0.057789
120 0.069062
121 0.069118
122 0.058023
123 0.069973
124 0.070847
125 0.060683
126 0.072983
127 0.075023
128 0.073578
129 0.062046
130 0.074206
131 0.076329
132 0.075076
133 0.063769
134 0.075323
135 0.076844
136 0.075033
137 0.063252
138 0.075261
139 0.077319
140 0.076086
141 0.064882
142 0.076631
143 0.078449
144 0.077063
145 0.065881
146 0.078751
147 0.082150
148 0.083443
149 0.083201
150 0.080895
151 0.069171
152 0.080794
153 0.082939
154 0.082829
155 0.080473
156 0.068713
157 0.081237
158 0.084459
159 0.085718
160 0.085576
161 0.083511
162 0.072188
163 0.084420
164 0.087476
165 0.088809
166 0.089175
167 0.088730
168 0.087341
169 0.084280
170 0.072172
171 0.084634
172 0.088075
173 0.089901
174 0.090884
175 0.091229
176 0.090945
177 0.089840
178 0.087157
179 0.075467
180 0.087537
181 0.090624
182 0.092191
183 0.093033
184 0.093400
185 0.093392
186 0.093040
187 0.092323
188 0.091152
189 0.089287
190 0.085946
191 0.073727
192 0.086236
193 0.089883
194 0.092086
195 0.093645
196 0.094824
197 0.095742
198 0.096464
199 0.097028
200 0.097456
201 0.097765
202 0.097960
203 0.098045
204 0.098017
205 0.097865
206 0.097571
207 0.097102
208 0.096399
209 0.095348
210 0.093693
211 0.090639
212 0.078730
213 0.090721
214 0.093862
215 0.095612
216 0.096771
217 0.097598
218 0.098214
219 0.098682
220 0.099042
221 0.099319
222 0.099531
223 0.099691
224 0.099809
225 0.099891
226 0.099944
227 0.099974
228 0.099982
229 0.099974
230 0.099951
231 0.099916
232 0.099871
233 0.099818
234 0.099758
235 0.099692
236 0.099622
237 0.099548
238 0.099471
239 0.099393
240 0.099313
241 0.099232
242 0.099152
243 0.099071
244 0.098992
245 0.098913
246 0.098835
247 0.098759
248 0.098684
249 0.098611
250 0.098540
251 0.098470
252 0.098402
253 0.098337
254 0.098273
255 0.098210
256 0.098149
257 0.098090
258 0.098031
259 0.097974
260 0.097917
261 0.097860
262 0.097803
263 0.097746
264 0.097688
265 0.097628
266 0.097566
267 0.097502
268 0.097434
269 0.097362
270 0.097285
271 0.097202
272 0.097111
273 0.097013
274 0.096905
275 0.096786
276 0.096655
277 0.096509
278 0.096347
279 0.096165
280 0.095962
281 0.095735
282 0.095478
283 0.095189
284 0.094862
285 0.094489
286 0.094064
287 0.093576
288 0.093012
289 0.092352
290 0.091570
291 0.090627
292 0.089458
293 0.087941
294 0.085816
295 0.082283
296 0.069925
297 0.082338
298 0.085920
299 0.088079
300 0.089609
301 0.090763
302 0.091652
303 0.092329
304 0.092824
305 0.093145
306 0.093290
307 0.093244
308 0.092973
309 0.092419
310 0.091463
311 0.089845
312 0.086764
313 0.074757
314 0.086569
315 0.089438
316 0.090806
317 0.091452
318 0.091606
319 0.091345
320 0.090661
321 0.089468
322 0.087524
323 0.084037
324 0.071593
325 0.083782
326 0.086990
327 0.088606
328 0.089383
329 0.089513
330 0.088987
331 0.087596
332 0.084565
333 0.072437
334 0.083950
335 0.086316
336 0.086927
337 0.086455
338 0.084886
339 0.081519
340 0.068973
341 0.080835
342 0.083456
343 0.084130
344 0.083381
345 0.080646
346 0.068540
347 0.079806
348 0.081594
349 0.081104
350 0.078316
351 0.066039
352 0.077913
353 0.080268
354 0.080264
355 0.077877
356 0.065847
357 0.076918
358 0.078122
359 0.076124
360 0.064279
361 0.076375
362 0.078789
363 0.078696
364 0.076054
365 0.063549
366 0.073774
367 0.073201
368 0.061837
369 0.073958
370 0.075948
371 0.074494
372 0.062913
373 0.074105
374 0.075142
375 0.072676
376 0.059982
377 0.070630
378 0.070274
379 0.058785
380 0.069442
381 0.068891
382 0.057156
383 0.068385
384 0.068395
385 0.057125
386 0.067879
387 0.067314
388 0.055447
389 0.066403
390 0.065938
391 0.053837
392 0.062837
393 0.052921
394 0.064962
395 0.065340
396 0.054134
397 0.064679
398 0.063589
399 0.050720
400 0.059597
401 0.049152
402 0.058798
403 0.049062
404 0.060940
405 0.060799
406 0.048566
407 0.056974
408 0.045840
409 0.055409
410 0.045152
411 0.054571
412 0.044080
413 0.054099
414 0.044167
415 0.053821
416 0.043497
417 0.053622
418 0.043744
419 0.053403
420 0.043032
421 0.053057
422 0.043020
423 0.052449
424 0.041759
425 0.051339
426 0.040662
427 0.049081
428 0.036414
429 0.036237
430 0.047678
431 0.037947
432 0.048037
433 0.037589
434 0.046012
435 0.033126
436 0.032454
437 0.042961
438 0.031261
439 0.031527
440 0.043039
441 0.033015
442 0.042325
443 0.030052
444 0.028929
445 0.039612
446 0.027838
447 0.026853
448 0.037402
449 0.025134
450 0.022777
451 0.024425
452 0.035934
453 0.024517
454 0.024451
455 0.034872
456 0.022304
457 0.020326
458 0.021373
459 0.032890
460 0.021092
461 0.018853
462 0.020292
463 0.031207
464 0.018617
465 0.016099
466 0.015584
467 0.017842
468 0.029227
469 0.016907
470 0.014515
471 0.014006
472 0.016152
473 0.027293
474 0.014562
475 0.011513
476 0.009901
477 0.009811
478 0.010418
479 0.013184
480 0.024649
481 0.012015
482 0.008853
483 0.006896
484 0.006148
485 0.005570
486 0.005892
487 0.006356
488 0.007972
489 0.010702
490 0.022778
491 0.010581
492 0.006848
493 0.004948
494 0.003272
495 0.002349
496 0.001247
497 0.000692
498 -0.000167
499 -0.000566
500 -0.001337
501 -0.001709
502 -0.002509
503 -0.002969
504 -0.003925
505 -0.004629
506 -0.005956
507 -0.007234
508 -0.009538
509 -0.012876
510 -0.025523
511 -0.013898
512 -0.010775
513 -0.009566
514 -0.008711
515 -0.008798
516 -0.008986
517 -0.010145
518 -0.011715
519 -0.015289
520 -0.027492
521 -0.015597
522 -0.013245
523 -0.012254
524 -0.012762
525 -0.013992
526 -0.017458
527 -0.029762
528 -0.018195
529 -0.016469
530 -0.016597
531 -0.019409
532 -0.031304
533 -0.019494
534 -0.017655
535 -0.017790
536 -0.020728
537 -0.032893
538 -0.021552
539 -0.020532
540 -0.022390
541 -0.034652
542 -0.023599
543 -0.022171
544 -0.024566
545 -0.036707
546 -0.025859
547 -0.026341
548 -0.037329
549 -0.025391
550 -0.024158
551 -0.026131
552 -0.038860
553 -0.028770
554 -0.029371
555 -0.041603
556 -0.031379
557 -0.032118
558 -0.044850
559 -0.035999
560 -0.045593
561 -0.033652
562 -0.033800
563 -0.045071
564 -0.034134
565 -0.035220
566 -0.047677
567 -0.038825
568 -0.049733
569 -0.040102
570 -0.049403
571 -0.037531
572 -0.038121
573 -0.050356
574 -0.041505
575 -0.052639
576 -0.043514
577 -0.053771
578 -0.043908
579 -0.054399
580 -0.044826
581 -0.054761
582 -0.044666
583 -0.054995
584 -0.045320
585 -0.055206
586 -0.045112
587 -0.055493
588 -0.045923
589 -0.055972
590 -0.046112
591 -0.056815
592 -0.047692
593 -0.058382
594 -0.049531
595 -0.062209
596 -0.062840
597 -0.051406
598 -0.060697
599 -0.050606
600 -0.061494
601 -0.053059
602 -0.065481
603 -0.066079
604 -0.055087
605 -0.066735
606 -0.066845
607 -0.055246
608 -0.064714
609 -0.055266
610 -0.067809
611 -0.068760
612 -0.058246
613 -0.069664
614 -0.069736
615 -0.058534
616 -0.070246
617 -0.070723
618 -0.059936
619 -0.071223
620 -0.071281
621 -0.060177
622 -0.072108
623 -0.072953
624 -0.062747
625 -0.074993
626 -0.076965
627 -0.075435
628 -0.063795
629 -0.075818
630 -0.077760
631 -0.076257
632 -0.064577
633 -0.075493
634 -0.075572
635 -0.064899
636 -0.077845
637 -0.080974
638 -0.081557
639 -0.079631
640 -0.067980
641 -0.079379
642 -0.080886
643 -0.079192
644 -0.067677
645 -0.080154
646 -0.083036
647 -0.083536
648 -0.081677
649 -0.070255
650 -0.082094
651 -0.084399
652 -0.084408
653 -0.082140
654 -0.070441
655 -0.083004
656 -0.086243
657 -0.087499
658 -0.087333
659 -0.085221
660 -0.073823
661 -0.085945
662 -0.088844
663 -0.089947
664 -0.089953
665 -0.088877
666 -0.086048
667 -0.074118
668 -0.086721
669 -0.090273
670 -0.092187
671 -0.093237
672 -0.093634
673 -0.093384
674 -0.092300
675 -0.089624
676 -0.077925
677 -0.089972
678 -0.093020
679 -0.094528
680 -0.095286
681 -0.095538
682 -0.095370
683 -0.094788
684 -0.093716
685 -0.091923
686 -0.088631
687 -0.076441
688 -0.088962
689 -0.092603
690 -0.094784
691 -0.096303
692 -0.097423
693 -0.098262
694 -0.098879
695 -0.099309
696 -0.099567
697 -0.099656
698 -0.099567
699 -0.099273
700 -0.098720
701 -0.097799
702 -0.096254
703 -0.093295
704 -0.081467
705 -0.093528
706 -0.096727
707 -0.098525
708 -0.099723
709 -0.100583
710 -0.101223
711 -0.101710
712 -0.102082
713 -0.102366
714 -0.102580
715 -0.102738
716 -0.102849
717 -0.102921
718 -0.102960
719 -0.102972
720 -0.102960
721 -0.102929
722 -0.102881
723 -0.102818
724 -0.102743
725 -0.102658
726 -0.102564
727 -0.102462
728 -0.102354
729 -0.102242
730 -0.102125
731 -0.102005
732 -0.101883
733 -0.101759
734 -0.101634
735 -0.101508
736 -0.101382
737 -0.101256
738 -0.101130
739 -0.101006
740 -0.100882
741 -0.100760
742 -0.100639
743 -0.100520
744 -0.100402
745 -0.100285
746 -0.100171
747 -0.100057
748 -0.099946
749 -0.099835
750 -0.099726
751 -0.099618
752 -0.099511
753 -0.099404
754 -0.099298
755 -0.099191
756 -0.099084
757 -0.098975
758 -0.098866
759 -0.098754
760 -0.098640
761 -0.098522
762 -0.098401
763 -0.098274
764 -0.098141
765 -0.098002
766 -0.097854
767 -0.097697
768 -0.097529
769 -0.097348
770 -0.097152
771 -0.096940
772 -0.096709
773 -0.096455
774 -0.096175
775 -0.095865
776 -0.095521
777 -0.095135
778 -0.094700
779 -0.094206
780 -0.093640
781 -0.092984
782 -0.092212
783 -0.091285
784 -0.090138
785 -0.088652
786 -0.086565
787 -0.083079
788 -0.070780
789 -0.083262
790 -0.086927
791 -0.089186
792 -0.090832
793 -0.092123
794 -0.093173
795 -0.094041
796 -0.094762
797 -0.095355
798 -0.095829
799 -0.096188
800 -0.096432
801 -0.096552
802 -0.096535
803 -0.096357
804 -0.095982
805 -0.095345
806 -0.094327
807 -0.092666
808 -0.089561
809 -0.077548
810 -0.089373
811 -0.092276
812 -0.093703
813 -0.094436
814 -0.094715
815 -0.094628
816 -0.094197
817 -0.093390
818 -0.092106
819 -0.090095
820 -0.086563
821 -0.074092
822 -0.086269
823 -0.089481
824 -0.091115
825 -0.091926
826 -0.092107
827 -0.091649
828 -0.090348
829 -0.087430
830 -0.075446
831 -0.087142
832 -0.089746
833 -0.090677
834 -0.090664
835 -0.089839
836 -0.088046
837 -0.084530
838 -0.071883
839 -0.083679
840 -0.086262
841 -0.086922
842 -0.086181
843 -0.083475
844 -0.071420
845 -0.082759
846 -0.084648
847 -0.084290
848 -0.081677
849 -0.069632
850 -0.081823
851 -0.084641
852 -0.085397
853 -0.084617
854 -0.081731
855 -0.069327
856 -0.080086
857 -0.081004
858 -0.078718
859 -0.066549
860 -0.078222
861 -0.079972
862 -0.078430
863 -0.066892
864 -0.078255
865 -0.079604
866 -0.077621
867 -0.065651
868 -0.077433
869 -0.079208
870 -0.077608
871 -0.065926
872 -0.077046
873 -0.078036
874 -0.075540
875 -0.062831
876 -0.073479
877 -0.073133
878 -0.061667
879 -0.072358
880 -0.071853
881 -0.060177
882 -0.071480
883 -0.071579
884 -0.060418
885 -0.071306
886 -0.070907
887 -0.059254
888 -0.070495
889 -0.070444
890 -0.059027
891 -0.069521
892 -0.068526
893 -0.055909
894 -0.065246
895 -0.055615
896 -0.066972
897 -0.066485
898 -0.054179
899 -0.063690
900 -0.054119
901 -0.065433
902 -0.064789
903 -0.052184
904 -0.061191
905 -0.050744
906 -0.060216
907 -0.050001
908 -0.060566
909 -0.051615
910 -0.063290
911 -0.062818
912 -0.050226
913 -0.059094
914 -0.048353
915 -0.057354
916 -0.046450
917 -0.056018
918 -0.045561
919 -0.054569
920 -0.043393
921 -0.052274
922 -0.040143
923 -0.039735
924 -0.051877
925 -0.042951
926 -0.053097
927 -0.042911
928 -0.052856
929 -0.042440
930 -0.051033
931 -0.038460
932 -0.038290
933 -0.049632
934 -0.039642
935 -0.049174
936 -0.037329
937 -0.036898
938 -0.048701
939 -0.039060
940 -0.047931
941 -0.035276
942 -0.034666
943 -0.045077
944 -0.033098
945 -0.032844
946 -0.043428
947 -0.031485
948 -0.031130
949 -0.041436
950 -0.028903
951 -0.027108
952 -0.028506
953 -0.040598
954 -0.029754
955 -0.029409
956 -0.040387
957 -0.028368
958 -0.026089
959 -0.027626
960 -0.038781
961 -0.026613
962 -0.024841
963 -0.025936
964 -0.037342
965 -0.025227
966 -0.022322
967 -0.022196
968 -0.024012
969 -0.035752
970 -0.023713
971 -0.020628
972 -0.019950
973 -0.020310
974 -0.023027
975 -0.034588
976 -0.022185
977 -0.019398
978 -0.017995
979 -0.018067
980 -0.018794
981 -0.021635
982 -0.033127
983 -0.020466
984 -0.017215
985 -0.015089
986 -0.014071
987 -0.013084
988 -0.012798
989 -0.012336
990 -0.012452
991 -0.012312
992 -0.012690
993 -0.012768
994 -0.013329
995 -0.013561
996 -0.014252
997 -0.014593
998 -0.015371
999 -0.015736
