0 1.000000
1 0.980581
2 0.928477
3 0.857493
4 0.780869
5 0.707107
6 0.640184
7 0.581238
8 0.529999
9 0.485643
10 0.447214
11 0.413803
12 0.384615
13 0.358979
14 0.336336
15 0.316228
16 0.298275
17 0.282166
18 0.267644
19 0.254493
20 0.242536
21 0.231621
22 0.221621
23 0.212430
24 0.203954
25 0.196116
26 0.188847
27 0.182089
28 0.175791
29 0.169907
30 0.164399
31 0.159232
32 0.154377
33 0.149805
34 0.145494
35 0.141421
36 0.137568
37 0.133918
38 0.130455
39 0.127164
40 0.124035
41 0.121054
42 0.118213
43 0.115501
44 0.112910
45 0.110432
46 0.108059
47 0.105786
48 0.103606
49 0.101514
50 0.099504
51 0.097571
52 0.095712
53 0.093923
54 0.092198
55 0.090536
56 0.088932
57 0.087384
58 0.085888
59 0.084443
60 0.083045
61 0.081693
62 0.080384
63 0.079116
64 0.077888
65 0.076696
66 0.075541
67 0.074420
68 0.073331
69 0.072274
70 0.071247
71 0.070249
72 0.069278
73 0.068333
74 0.067414
75 0.066519
76 0.065648
77 0.064799
78 0.063971
79 0.063165
80 0.062378
81 0.061611
82 0.060863
83 0.060132
84 0.059419
85 0.058722
86 0.058042
87 0.057377
88 0.056727
89 0.056091
90 0.055470
91 0.054862
92 0.054268
93 0.053686
94 0.053116
95 0.052559
96 0.052013
97 0.051478
98 0.050954
99 0.050441
100 0.049938
101 0.049444
102 0.048961
103 0.048487
104 0.048021
105 0.047565
106 0.047117
107 0.046678
108 0.046247
109 0.045823
110 0.045408
111 0.044999
112 0.044598
113 0.044205
114 0.043818
115 0.043437
116 0.043063
117 0.042696
118 0.042335
119 0.041980
120 0.041631
121 0.041287
122 0.040949
123 0.040617
124 0.040290
125 0.039968
126 0.039651
127 0.039340
128 0.039033
129 0.038731
130 0.038433
131 0.038140
132 0.037852
133 0.037567
134 0.037287
135 0.037012
136 0.036740
137 0.036472
138 0.036208
139 0.035948
140 0.035692
141 0.035439
142 0.035189
143 0.034944
144 0.034701
145 0.034462
146 0.034227
147 0.033994
148 0.033765
149 0.033538
150 0.033315
151 0.033094
152 0.032877
153 0.032662
154 0.032450
155 0.032241
156 0.032035
157 0.031831
158 0.031630
159 0.031431
160 0.031235
161 0.031041
162 0.030850
163 0.030660
164 0.030474
165 0.030289
166 0.030107
167 0.029927
168 0.029749
169 0.029573
170 0.029399
171 0.029227
172 0.029057
173 0.028890
174 0.028724
175 0.028560
176 0.028398
177 0.028237
178 0.028079
179 0.027922
180 0.027767
181 0.027614
182 0.027462
183 0.027312
184 0.027164
185 0.027017
186 0.026872
187 0.026728
188 0.026586
189 0.026446
190 0.026307
191 0.026169
192 0.026033
193 0.025898
194 0.025765
195 0.025633
196 0.025502
197 0.025373
198 0.025244
199 0.025118
200 0.024992
201 0.024868
202 0.024745
203 0.024623
204 0.024502
205 0.024383
206 0.024265
207 0.024148
208 0.024032
209 0.023917
210 0.023803
211 0.023690
212 0.023578
213 0.023468
214 0.023358
215 0.023250
216 0.023142
217 0.023035
218 0.022930
219 0.022825
220 0.022721
221 0.022619
222 0.022517
223 0.022416
224 0.022316
225 0.022217
226 0.022118
227 0.022021
228 0.021925
229 0.021829
230 0.021734
231 0.021640
232 0.021547
233 0.021454
234 0.021363
235 0.021272
236 0.021182
237 0.021092
238 0.021004
239 0.020916
240 0.020829
241 0.020742
242 0.020657
243 0.020572
244 0.020488
245 0.020404
246 0.020321
247 0.020239
248 0.020157
249 0.020076
250 0.019996
251 0.019916
252 0.019837
253 0.019759
254 0.019681
255 0.019604
256 0.019528
257 0.019452
258 0.019376
259 0.019301
260 0.019227
261 0.019154
262 0.019080
263 0.019008
264 0.018936
265 0.018865
266 0.018794
267 0.018723
268 0.018653
269 0.018584
270 0.018515
271 0.018447
272 0.018379
273 0.018312
274 0.018245
275 0.018179
276 0.018113
277 0.018048
278 0.017983
279 0.017918
280 0.017854
281 0.017791
282 0.017728
283 0.017665
284 0.017603
285 0.017541
286 0.017480
287 0.017419
288 0.017358
289 0.017298
290 0.017239
291 0.017180
292 0.017121
293 0.017062
294 0.017004
295 0.016947
296 0.016889
297 0.016833
298 0.016776
299 0.016720
300 0.016664
301 0.016609
302 0.016554
303 0.016499
304 0.016445
305 0.016391
306 0.016338
307 0.016284
308 0.016232
309 0.016179
310 0.016127
311 0.016075
312 0.016024
313 0.015972
314 0.015922
315 0.015871
316 0.015821
317 0.015771
318 0.015721
319 0.015672
320 0.015623
321 0.015574
322 0.015526
323 0.015478
324 0.015430
325 0.015383
326 0.015336
327 0.015289
328 0.015242
329 0.015196
330 0.015150
331 0.015104
332 0.015059
333 0.015013
334 0.014968
335 0.014924
336 0.014879
337 0.014835
338 0.014791
339 0.014748
340 0.014704
341 0.014661
342 0.014618
343 0.014576
344 0.014533
345 0.014491
346 0.014449
347 0.014408
348 0.014366
349 0.014325
350 0.014284
351 0.014244
352 0.014203
353 0.014163
354 0.014123
355 0.014083
356 0.014044
357 0.014004
358 0.013965
359 0.013926
360 0.013888
361 0.013849
362 0.013811
363 0.013773
364 0.013735
365 0.013697
366 0.013660
367 0.013623
368 0.013586
369 0.013549
370 0.013512
371 0.013476
372 0.013440
373 0.013404
374 0.013368
375 0.013332
376 0.013297
377 0.013261
378 0.013226
379 0.013191
380 0.013157
381 0.013122
382 0.013088
383 0.013054
384 0.013020
385 0.012986
386 0.012952
387 0.012919
388 0.012886
389 0.012852
390 0.012819
391 0.012787
392 0.012754
393 0.012722
394 0.012689
395 0.012657
396 0.012625
397 0.012593
398 0.012562
399 0.012530
400 0.012499
401 0.012468
402 0.012437
403 0.012406
404 0.012375
405 0.012345
406 0.012314
407 0.012284
408 0.012254
409 0.012224
410 0.012194
411 0.012165
412 0.012135
413 0.012106
414 0.012076
415 0.012047
416 0.012018
417 0.011990
418 0.011961
419 0.011932
420 0.011904
421 0.011876
422 0.011848
423 0.011820
424 0.011792
425 0.011764
426 0.011736
427 0.011709
428 0.011681
429 0.011654
430 0.011627
431 0.011600
432 0.011573
433 0.011547
434 0.011520
435 0.011493
436 0.011467
437 0.011441
438 0.011415
439 0.011389
440 0.011363
441 0.011337
442 0.011311
443 0.011286
444 0.011261
445 0.011235
446 0.011210
447 0.011185
448 0.011160
449 0.011135
450 0.011110
451 0.011086
452 0.011061
453 0.011037
454 0.011013
455 0.010988
456 0.010964
457 0.010940
458 0.010916
459 0.010893
460 0.010869
461 0.010845
462 0.010822
463 0.010799
464 0.010775
465 0.010752
466 0.010729
467 0.010706
468 0.010683
469 0.010660
470 0.010638
471 0.010615
472 0.010593
473 0.010570
474 0.010548
475 0.010526
476 0.010504
477 0.010482
478 0.010460
479 0.010438
480 0.010416
481 0.010394
482 0.010373
483 0.010351
484 0.010330
485 0.010309
486 0.010288
487 0.010266
488 0.010245
489 0.010224
490 0.010204
491 0.010183
492 0.010162
493 0.010141
494 0.010121
495 0.010100
496 0.010080
497 0.010060
498 0.010040
499 0.010020
500 0.010000
501 0.009980
502 0.009960
503 0.009940
504 0.009920
505 0.009901
506 0.009881
507 0.009861
508 0.009842
509 0.009823
510 0.009803
511 0.009784
512 0.009765
513 0.009746
514 0.009727
515 0.009708
516 0.009689
517 0.009671
518 0.009652
519 0.009633
520 0.009615
521 0.009596
522 0.009578
523 0.009560
524 0.009542
525 0.009523
526 0.009505
527 0.009487
528 0.009469
529 0.009451
530 0.009434
531 0.009416
532 0.009398
533 0.009380
534 0.009363
535 0.009345
536 0.009328
537 0.009311
538 0.009293
539 0.009276
540 0.009259
541 0.009242
542 0.009225
543 0.009208
544 0.009191
545 0.009174
546 0.009157
547 0.009140
548 0.009124
549 0.009107
550 0.009091
551 0.009074
552 0.009058
553 0.009041
554 0.009025
555 0.009009
556 0.008992
557 0.008976
558 0.008960
559 0.008944
560 0.008928
561 0.008912
562 0.008896
563 0.008881
564 0.008865
565 0.008849
566 0.008834
567 0.008818
568 0.008802
569 0.008787
570 0.008772
571 0.008756
572 0.008741
573 0.008726
574 0.008710
575 0.008695
576 0.008680
577 0.008665
578 0.008650
579 0.008635
580 0.008620
581 0.008606
582 0.008591
583 0.008576
584 0.008561
585 0.008547
586 0.008532
587 0.008518
588 0.008503
589 0.008489
590 0.008474
591 0.008460
592 0.008446
593 0.008431
594 0.008417
595 0.008403
596 0.008389
597 0.008375
598 0.008361
599 0.008347
600 0.008333
601 0.008319
602 0.008305
603 0.008292
604 0.008278
605 0.008264
606 0.008251
607 0.008237
608 0.008223
609 0.008210
610 0.008196
611 0.008183
612 0.008170
613 0.008156
614 0.008143
615 0.008130
616 0.008117
617 0.008103
618 0.008090
619 0.008077
620 0.008064
621 0.008051
622 0.008038
623 0.008025
624 0.008013
625 0.008000
626 0.007987
627 0.007974
628 0.007962
629 0.007949
630 0.007936
631 0.007924
632 0.007911
633 0.007899
634 0.007886
635 0.007874
636 0.007861
637 0.007849
638 0.007837
639 0.007824
640 0.007812
641 0.007800
642 0.007788
643 0.007776
644 0.007764
645 0.007752
646 0.007740
647 0.007728
648 0.007716
649 0.007704
650 0.007692
651 0.007680
652 0.007668
653 0.007657
654 0.007645
655 0.007633
656 0.007622
657 0.007610
658 0.007599
659 0.007587
660 0.007576
661 0.007564
662 0.007553
663 0.007541
664 0.007530
665 0.007519
666 0.007507
667 0.007496
668 0.007485
669 0.007474
670 0.007462
671 0.007451
672 0.007440
673 0.007429
674 0.007418
675 0.007407
676 0.007396
677 0.007385
678 0.007374
679 0.007364
680 0.007353
681 0.007342
682 0.007331
683 0.007320
684 0.007310
685 0.007299
686 0.007288
687 0.007278
688 0.007267
689 0.007257
690 0.007246
691 0.007236
692 0.007225
693 0.007215
694 0.007204
695 0.007194
696 0.007184
697 0.007173
698 0.007163
699 0.007153
700 0.007143
701 0.007132
702 0.007122
703 0.007112
704 0.007102
705 0.007092
706 0.007082
707 0.007072
708 0.007062
709 0.007052
710 0.007042
711 0.007032
712 0.007022
713 0.007012
714 0.007003
715 0.006993
716 0.006983
717 0.006973
718 0.006964
719 0.006954
720 0.006944
721 0.006935
722 0.006925
723 0.006915
724 0.006906
725 0.006896
726 0.006887
727 0.006877
728 0.006868
729 0.006859
730 0.006849
731 0.006840
732 0.006830
733 0.006821
734 0.006812
735 0.006803
736 0.006793
737 0.006784
738 0.006775
739 0.006766
740 0.006757
741 0.006747
742 0.006738
743 0.006729
744 0.006720
745 0.006711
746 0.006702
747 0.006693
748 0.006684
749 0.006675
750 0.006667
751 0.006658
752 0.006649
753 0.006640
754 0.006631
755 0.006622
756 0.006614
757 0.006605
758 0.006596
759 0.006587
760 0.006579
761 0.006570
762 0.006562
763 0.006553
764 0.006544
765 0.006536
766 0.006527
767 0.006519
768 0.006510
769 0.006502
770 0.006493
771 0.006485
772 0.006477
773 0.006468
774 0.006460
775 0.006451
776 0.006443
777 0.006435
778 0.006427
779 0.006418
780 0.006410
781 0.006402
782 0.006394
783 0.006386
784 0.006377
785 0.006369
786 0.006361
787 0.006353
788 0.006345
789 0.006337
790 0.006329
791 0.006321
792 0.006313
793 0.006305
794 0.006297
795 0.006289
796 0.006281
797 0.006273
798 0.006266
799 0.006258
800 0.006250
801 0.006242
802 0.006234
803 0.006227
804 0.006219
805 0.006211
806 0.006203
807 0.006196
808 0.006188
809 0.006180
810 0.006173
811 0.006165
812 0.006158
813 0.006150
814 0.006142
815 0.006135
816 0.006127
817 0.006120
818 0.006112
819 0.006105
820 0.006097
821 0.006090
822 0.006083
823 0.006075
824 0.006068
825 0.006060
826 0.006053
827 0.006046
828 0.006039
829 0.006031
830 0.006024
831 0.006017
832 0.006010
833 0.006002
834 0.005995
835 0.005988
836 0.005981
837 0.005974
838 0.005966
839 0.005959
840 0.005952
841 0.005945
842 0.005938
843 0.005931
844 0.005924
845 0.005917
846 0.005910
847 0.005903
848 0.005896
849 0.005889
850 0.005882
851 0.005875
852 0.005868
853 0.005862
854 0.005855
855 0.005848
856 0.005841
857 0.005834
858 0.005827
859 0.005821
860 0.005814
861 0.005807
862 0.005800
863 0.005794
864 0.005787
865 0.005780
866 0.005774
867 0.005767
868 0.005760
869 0.005754
870 0.005747
871 0.005740
872 0.005734
873 0.005727
874 0.005721
875 0.005714
876 0.005708
877 0.005701
878 0.005695
879 0.005688
880 0.005682
881 0.005675
882 0.005669
883 0.005662
884 0.005656
885 0.005650
886 0.005643
887 0.005637
888 0.005631
889 0.005624
890 0.005618
891 0.005612
892 0.005605
893 0.005599
894 0.005593
895 0.005587
896 0.005580
897 0.005574
898 0.005568
899 0.005562
900 0.005555
901 0.005549
902 0.005543
903 0.005537
904 0.005531
905 0.005525
906 0.005519
907 0.005513
908 0.005507
909 0.005500
910 0.005494
911 0.005488
912 0.005482
913 0.005476
914 0.005470
915 0.005464
916 0.005458
917 0.005452
918 0.005447
919 0.005441
920 0.005435
921 0.005429
922 0.005423
923 0.005417
924 0.005411
925 0.005405
926 0.005399
927 0.005394
928 0.005388
929 0.005382
930 0.005376
931 0.005370
932 0.005365
933 0.005359
934 0.005353
935 0.005348
936 0.005342
937 0.005336
938 0.005330
939 0.005325
940 0.005319
941 0.005313
942 0.005308
943 0.005302
944 0.005297
945 0.005291
946 0.005285
947 0.005280
948 0.005274
949 0.005269
950 0.005263
951 0.005258
952 0.005252
953 0.005247
954 0.005241
955 0.005236
956 0.005230
957 0.005225
958 0.005219
959 0.005214
960 0.005208
961 0.005203
962 0.005197
963 0.005192
964 0.005187
965 0.005181
966 0.005176
967 0.005171
968 0.005165
969 0.005160
970 0.005155
971 0.005149
972 0.005144
973 0.005139
974 0.005133
975 0.005128
976 0.005123
977 0.005118
978 0.005112
979 0.005107
980 0.005102
981 0.005097
982 0.005092
983 0.005086
984 0.005081
985 0.005076
986 0.005071
987 0.005066
988 0.005061
989 0.005056
990 0.005050
991 0.005045
992 0.005040
993 0.005035
994 0.005030
995 0.005025
996 0.005020
997 0.005015
998 0.005010
999 0.005005
